날짜,저수율
2014-01-01,50.1
2014-01-02,50.3
2014-01-03,50.5
2014-01-04,50.7
2014-01-05,51.0
2014-01-06,51.3
2014-01-07,51.7
2014-01-08,52.0
2014-01-09,52.4
2014-01-10,52.8
2014-01-11,53.2
2014-01-12,53.6
2014-01-13,54.0
2014-01-14,54.6
2014-01-15,55.0
2014-01-16,55.0
2014-01-17,55.0
2014-01-18,55.0
2014-01-19,55.0
2014-01-20,55.0
2014-01-21,55.7
2014-01-22,57.0
2014-01-23,58.3
2014-01-24,60.0
2014-01-25,63.2
2014-01-26,67.3
2014-01-27,69.6
2014-01-28,70.0
2014-01-29,70.3
2014-01-30,70.8
2014-01-31,71.5
2014-02-01,72.3
2014-02-02,73.0
2014-02-03,73.5
2014-02-04,73.9
2014-02-05,74.2
2014-02-06,74.5
2014-02-07,74.7
2014-02-08,74.9
2014-02-09,75.1
2014-02-10,75.3
2014-02-11,75.5
2014-02-12,75.7
2014-02-13,75.9
2014-02-14,76.1
2014-02-15,76.2
2014-02-16,76.4
2014-02-17,76.5
2014-02-18,76.6
2014-02-19,76.8
2014-02-20,77.0
2014-02-21,77.3
2014-02-22,77.6
2014-02-23,77.8
2014-02-24,78.0
2014-02-25,78.6
2014-02-26,79.1
2014-02-27,79.3
2014-02-28,79.5
2014-03-01,79.6
2014-03-02,79.7
2014-03-03,79.8
2014-03-04,79.9
2014-03-05,80.1
2014-03-06,80.2
2014-03-07,80.4
2014-03-08,80.7
2014-03-09,80.9
2014-03-10,81.0
2014-03-11,81.0
2014-03-12,81.0
2014-03-13,82.1
2014-03-14,83.2
2014-03-15,83.2
2014-03-16,83.2
2014-03-17,83.4
2014-03-18,83.7
2014-03-19,84.0
2014-03-20,84.2
2014-03-21,84.4
2014-03-22,84.5
2014-03-23,84.6
2014-03-24,84.7
2014-03-25,84.9
2014-03-26,85.1
2014-03-27,85.3
2014-03-28,85.5
2014-03-29,85.8
2014-03-30,86.1
2014-03-31,86.3
2014-04-01,86.4
2014-04-02,86.4
2014-04-03,86.5
2014-04-04,86.5
2014-04-05,86.6
2014-04-06,86.6
2014-04-07,86.6
2014-04-08,86.6
2014-04-09,86.5
2014-04-10,86.3
2014-04-11,86.1
2014-04-12,86.0
2014-04-13,85.8
2014-04-14,85.6
2014-04-15,85.5
2014-04-16,85.4
2014-04-17,85.4
2014-04-18,85.3
2014-04-19,85.3
2014-04-20,85.2
2014-04-21,85.1
2014-04-22,84.9
2014-04-23,84.7
2014-04-24,84.7
2014-04-25,84.8
2014-04-26,85.0
2014-04-27,85.1
2014-04-28,85.1
2014-04-29,85.1
2014-04-30,84.9
2014-05-01,84.7
2014-05-02,84.4
2014-05-03,83.2
2014-05-04,80.7
2014-05-05,77.5
2014-05-06,74.1
2014-05-07,71.0
2014-05-08,67.7
2014-05-09,65.6
2014-05-10,65.5
2014-05-11,65.4
2014-05-12,65.4
2014-05-13,65.3
2014-05-14,65.2
2014-05-15,64.3
2014-05-16,63.4
2014-05-17,63.3
2014-05-18,63.1
2014-05-19,59.9
2014-05-20,56.0
2014-05-21,54.4
2014-05-22,53.6
2014-05-23,53.5
2014-05-24,53.3
2014-05-25,51.8
2014-05-26,49.6
2014-05-27,48.2
2014-05-28,46.6
2014-05-29,42.8
2014-05-30,40.1
2014-05-31,40.1
2014-06-01,40.1
2014-06-02,40.2
2014-06-03,40.3
2014-06-04,42.0
2014-06-05,43.6
2014-06-06,43.4
2014-06-07,42.9
2014-06-08,42.1
2014-06-09,41.3
2014-06-10,40.1
2014-06-11,38.9
2014-06-12,38.2
2014-06-13,37.5
2014-06-14,36.9
2014-06-15,36.4
2014-06-16,35.9
2014-06-17,35.6
2014-06-18,35.3
2014-06-19,35.2
2014-06-20,35.1
2014-06-21,35.1
2014-06-22,35.1
2014-06-23,35.0
2014-06-24,35.0
2014-06-25,35.0
2014-06-26,35.0
2014-06-27,34.9
2014-06-28,34.8
2014-06-29,34.7
2014-06-30,34.6
2014-07-01,34.6
2014-07-02,34.7
2014-07-03,34.8
2014-07-04,34.9
2014-07-05,35.0
2014-07-06,35.0
2014-07-07,35.1
2014-07-08,35.1
2014-07-09,35.2
2014-07-10,35.4
2014-07-11,35.5
2014-07-12,32.9
2014-07-13,27.9
2014-07-14,25.3
2014-07-15,30.6
2014-07-16,42.5
2014-07-17,55.1
2014-07-18,62.4
2014-07-19,64.5
2014-07-20,65.9
2014-07-21,67.4
2014-07-22,69.1
2014-07-23,71.0
2014-07-24,73.6
2014-07-25,75.7
2014-07-26,76.3
2014-07-27,76.7
2014-07-28,77.2
2014-07-29,78.0
2014-07-30,78.7
2014-07-31,78.9
2014-08-01,79.1
2014-08-02,79.4
2014-08-03,79.7
2014-08-04,80.2
2014-08-05,81.0
2014-08-06,82.1
2014-08-07,83.8
2014-08-08,85.5
2014-08-09,86.8
2014-08-10,87.9
2014-08-11,88.5
2014-08-12,88.6
2014-08-13,88.7
2014-08-14,88.9
2014-08-15,90.4
2014-08-16,92.7
2014-08-17,94.5
2014-08-18,96.5
2014-08-19,98.2
2014-08-20,99.5
2014-08-21,100.0
2014-08-22,100.0
2014-08-23,100.0
2014-08-24,100.0
2014-08-25,100.0
2014-08-26,99.2
2014-08-27,97.7
2014-08-28,95.0
2014-08-29,93.0
2014-08-30,93.0
2014-08-31,93.0
2014-09-01,93.0
2014-09-02,93.0
2014-09-03,93.8
2014-09-04,94.5
2014-09-05,94.2
2014-09-06,93.5
2014-09-07,92.4
2014-09-08,91.3
2014-09-09,90.2
2014-09-10,89.3
2014-09-11,88.9
2014-09-12,88.7
2014-09-13,88.6
2014-09-14,88.5
2014-09-15,88.5
2014-09-16,88.6
2014-09-17,88.7
2014-09-18,88.9
2014-09-19,89.2
2014-09-20,89.5
2014-09-21,89.7
2014-09-22,90.0
2014-09-23,90.2
2014-09-24,90.3
2014-09-25,90.4
2014-09-26,90.4
2014-09-27,90.3
2014-09-28,90.2
2014-09-29,90.2
2014-09-30,90.1
2014-10-01,90.0
2014-10-02,90.0
2014-10-03,90.0
2014-10-04,90.0
2014-10-05,90.0
2014-10-06,90.0
2014-10-07,90.0
2014-10-08,90.0
2014-10-09,90.0
2014-10-10,90.0
2014-10-11,90.0
2014-10-12,90.0
2014-10-13,90.0
2014-10-14,90.0
2014-10-15,90.0
2014-10-16,89.3
2014-10-17,88.5
2014-10-18,88.5
2014-10-19,88.5
2014-10-20,88.5
2014-10-21,92.9
2014-10-22,97.3
2014-10-23,96.4
2014-10-24,94.2
2014-10-25,91.6
2014-10-26,89.4
2014-10-27,88.5
2014-10-28,88.5
2014-10-29,88.6
2014-10-30,88.7
2014-10-31,88.9
2014-11-01,90.5
2014-11-02,93.6
2014-11-03,95.7
2014-11-04,96.4
2014-11-05,96.9
2014-11-06,97.3
2014-11-07,97.7
2014-11-08,98.1
2014-11-09,98.5
2014-11-10,98.8
2014-11-11,99.2
2014-11-12,99.6
2014-11-13,99.9
2014-11-14,100.0
2014-11-15,100.0
2014-11-16,100.0
2014-11-17,100.0
2014-11-18,100.0
2014-11-19,100.0
2014-11-20,99.9
2014-11-21,99.9
2014-11-22,99.9
2014-11-23,99.9
2014-11-24,99.8
2014-11-25,99.8
2014-11-26,99.7
2014-11-27,99.7
2014-11-28,99.6
2014-11-29,98.8
2014-11-30,97.0
2014-12-01,94.5
2014-12-02,89.5
2014-12-03,84.7
2014-12-04,83.0
2014-12-05,82.1
2014-12-06,81.7
2014-12-07,81.3
2014-12-08,81.1
2014-12-09,81.0
2014-12-10,81.0
2014-12-11,81.1
2014-12-12,81.3
2014-12-13,81.5
2014-12-14,81.8
2014-12-15,82.1
2014-12-16,83.8
2014-12-17,85.5
2014-12-18,85.7
2014-12-19,85.9
2014-12-20,86.2
2014-12-21,86.6
2014-12-22,87.0
2014-12-23,87.4
2014-12-24,87.8
2014-12-25,88.2
2014-12-26,88.5
2014-12-27,88.5
2014-12-28,88.5
2014-12-29,88.8
2014-12-30,89.3
2014-12-31,89.4
2015-01-01,89.6
2015-01-02,90.0
2015-01-03,90.4
2015-01-04,90.6
2015-01-05,90.8
2015-01-06,91.4
2015-01-07,91.9
2015-01-08,92.2
2015-01-09,92.3
2015-01-10,92.3
2015-01-11,92.3
2015-01-12,92.6
2015-01-13,93.0
2015-01-14,93.2
2015-01-15,93.3
2015-01-16,93.4
2015-01-17,93.6
2015-01-18,93.9
2015-01-19,94.2
2015-01-20,94.3
2015-01-21,94.5
2015-01-22,95.1
2015-01-23,95.7
2015-01-24,96.0
2015-01-25,96.3
2015-01-26,96.5
2015-01-27,96.7
2015-01-28,96.9
2015-01-29,97.1
2015-01-30,97.3
2015-01-31,97.6
2015-02-01,97.9
2015-02-02,98.1
2015-02-03,98.2
2015-02-04,98.3
2015-02-05,98.4
2015-02-06,98.6
2015-02-07,98.8
2015-02-08,99.0
2015-02-09,99.2
2015-02-10,99.3
2015-02-11,99.5
2015-02-12,99.6
2015-02-13,99.7
2015-02-14,99.9
2015-02-15,100.0
2015-02-16,100.0
2015-02-17,100.0
2015-02-18,100.0
2015-02-19,100.0
2015-02-20,100.0
2015-02-21,100.0
2015-02-22,100.0
2015-02-23,100.0
2015-02-24,100.0
2015-02-25,100.0
2015-02-26,100.0
2015-02-27,100.0
2015-02-28,100.0
2015-03-01,100.0
2015-03-02,100.0
2015-03-03,100.0
2015-03-04,100.0
2015-03-05,100.0
2015-03-06,100.0
2015-03-07,100.0
2015-03-08,100.0
2015-03-09,100.0
2015-03-10,100.0
2015-03-11,100.0
2015-03-12,100.0
2015-03-13,100.0
2015-03-14,100.0
2015-03-15,100.0
2015-03-16,100.0
2015-03-17,100.0
2015-03-18,100.0
2015-03-19,100.0
2015-03-20,100.0
2015-03-21,100.0
2015-03-22,100.0
2015-03-23,100.0
2015-03-24,100.0
2015-03-25,100.0
2015-03-26,100.0
2015-03-27,100.0
2015-03-28,100.0
2015-03-29,100.0
2015-03-30,100.0
2015-03-31,100.0
2015-04-01,100.0
2015-04-02,100.0
2015-04-03,100.0
2015-04-04,100.0
2015-04-05,100.0
2015-04-06,100.0
2015-04-07,100.0
2015-04-08,100.0
2015-04-09,100.0
2015-04-10,100.0
2015-04-11,100.0
2015-04-12,100.0
2015-04-13,100.0
2015-04-14,100.0
2015-04-15,100.0
2015-04-16,100.0
2015-04-17,100.0
2015-04-18,100.0
2015-04-19,100.0
2015-04-20,100.0
2015-04-21,100.0
2015-04-22,100.0
2015-04-23,100.0
2015-04-24,100.0
2015-04-25,100.0
2015-04-26,100.0
2015-04-27,100.0
2015-04-28,99.1
2015-04-29,97.7
2015-04-30,96.8
2015-05-01,96.0
2015-05-02,95.3
2015-05-03,94.5
2015-05-04,93.4
2015-05-05,91.9
2015-05-06,90.0
2015-05-07,87.7
2015-05-08,85.1
2015-05-09,82.1
2015-05-10,78.9
2015-05-11,76.5
2015-05-12,75.1
2015-05-13,74.1
2015-05-14,73.2
2015-05-15,72.1
2015-05-16,70.6
2015-05-17,69.0
2015-05-18,67.4
2015-05-19,65.8
2015-05-20,64.5
2015-05-21,63.8
2015-05-22,63.1
2015-05-23,61.9
2015-05-24,60.3
2015-05-25,58.4
2015-05-26,56.3
2015-05-27,53.2
2015-05-28,51.0
2015-05-29,50.8
2015-05-30,50.7
2015-05-31,50.5
2015-06-01,50.3
2015-06-02,50.0
2015-06-03,48.1
2015-06-04,45.0
2015-06-05,40.6
2015-06-06,37.5
2015-06-07,37.3
2015-06-08,37.2
2015-06-09,35.9
2015-06-10,33.8
2015-06-11,31.5
2015-06-12,30.1
2015-06-13,30.1
2015-06-14,30.2
2015-06-15,30.3
2015-06-16,30.4
2015-06-17,30.6
2015-06-18,30.7
2015-06-19,30.8
2015-06-20,30.9
2015-06-21,31.0
2015-06-22,31.0
2015-06-23,31.0
2015-06-24,31.0
2015-06-25,31.0
2015-06-26,32.6
2015-06-27,34.6
2015-06-28,35.2
2015-06-29,35.5
2015-06-30,35.6
2015-07-01,35.7
2015-07-02,35.7
2015-07-03,35.8
2015-07-04,35.8
2015-07-05,35.8
2015-07-06,35.8
2015-07-07,35.9
2015-07-08,35.9
2015-07-09,35.9
2015-07-10,35.9
2015-07-11,36.0
2015-07-12,36.0
2015-07-13,36.1
2015-07-14,36.3
2015-07-15,36.4
2015-07-16,35.7
2015-07-17,34.0
2015-07-18,31.9
2015-07-19,30.1
2015-07-20,29.0
2015-07-21,28.6
2015-07-22,28.4
2015-07-23,28.8
2015-07-24,29.9
2015-07-25,31.1
2015-07-26,32.1
2015-07-27,32.6
2015-07-28,33.0
2015-07-29,33.8
2015-07-30,37.1
2015-07-31,42.3
2015-08-01,48.8
2015-08-02,55.9
2015-08-03,59.8
2015-08-04,60.4
2015-08-05,60.9
2015-08-06,61.7
2015-08-07,62.8
2015-08-08,63.8
2015-08-09,64.6
2015-08-10,64.9
2015-08-11,64.6
2015-08-12,63.7
2015-08-13,62.5
2015-08-14,61.0
2015-08-15,59.3
2015-08-16,57.6
2015-08-17,56.0
2015-08-18,53.9
2015-08-19,52.6
2015-08-20,52.8
2015-08-21,53.2
2015-08-22,53.9
2015-08-23,54.6
2015-08-24,55.3
2015-08-25,56.2
2015-08-26,57.0
2015-08-27,57.4
2015-08-28,57.7
2015-08-29,58.0
2015-08-30,58.2
2015-08-31,58.4
2015-09-01,58.6
2015-09-02,58.7
2015-09-03,58.8
2015-09-04,58.6
2015-09-05,58.1
2015-09-06,57.5
2015-09-07,56.8
2015-09-08,56.1
2015-09-09,55.6
2015-09-10,55.2
2015-09-11,55.0
2015-09-12,55.0
2015-09-13,55.1
2015-09-14,55.2
2015-09-15,55.2
2015-09-16,55.3
2015-09-17,55.3
2015-09-18,55.4
2015-09-19,55.4
2015-09-20,55.4
2015-09-21,55.4
2015-09-22,55.4
2015-09-23,55.4
2015-09-24,55.4
2015-09-25,55.4
2015-09-26,55.5
2015-09-27,55.5
2015-09-28,55.5
2015-09-29,55.6
2015-09-30,55.6
2015-10-01,56.1
2015-10-02,56.7
2015-10-03,57.0
2015-10-04,57.2
2015-10-05,57.4
2015-10-06,57.5
2015-10-07,57.7
2015-10-08,57.8
2015-10-09,57.9
2015-10-10,58.1
2015-10-11,58.2
2015-10-12,58.4
2015-10-13,58.6
2015-10-14,58.8
2015-10-15,58.9
2015-10-16,59.0
2015-10-17,59.0
2015-10-18,59.1
2015-10-19,59.1
2015-10-20,59.1
2015-10-21,59.1
2015-10-22,59.1
2015-10-23,59.1
2015-10-24,59.1
2015-10-25,59.1
2015-10-26,59.5
2015-10-27,60.2
2015-10-28,60.6
2015-10-29,60.9
2015-10-30,61.2
2015-10-31,61.5
2015-11-01,61.8
2015-11-02,62.0
2015-11-03,62.3
2015-11-04,62.6
2015-11-05,62.9
2015-11-06,63.3
2015-11-07,63.7
2015-11-08,64.2
2015-11-09,65.1
2015-11-10,66.0
2015-11-11,66.3
2015-11-12,66.7
2015-11-13,67.4
2015-11-14,68.6
2015-11-15,69.9
2015-11-16,71.4
2015-11-17,73.5
2015-11-18,75.3
2015-11-19,76.1
2015-11-20,76.8
2015-11-21,77.4
2015-11-22,78.0
2015-11-23,78.7
2015-11-24,79.7
2015-11-25,81.0
2015-11-26,82.8
2015-11-27,84.7
2015-11-28,86.2
2015-11-29,87.4
2015-11-30,88.5
2015-12-01,89.2
2015-12-02,90.0
2015-12-03,93.1
2015-12-04,96.5
2015-12-05,98.2
2015-12-06,99.5
2015-12-07,100.0
2015-12-08,100.0
2015-12-09,100.0
2015-12-10,100.0
2015-12-11,100.0
2015-12-12,100.0
2015-12-13,100.0
2015-12-14,100.0
2015-12-15,100.0
2015-12-16,100.0
2015-12-17,100.0
2015-12-18,100.0
2015-12-19,100.0
2015-12-20,100.0
2015-12-21,100.0
2015-12-22,100.0
2015-12-23,100.0
2015-12-24,100.0
2015-12-25,100.0
2015-12-26,100.0
2015-12-27,100.0
2015-12-28,100.0
2015-12-29,100.0
2015-12-30,100.0
2015-12-31,100.0
2016-01-01,100.0
2016-01-02,100.0
2016-01-03,100.0
2016-01-04,100.0
2016-01-05,100.0
2016-01-06,100.0
2016-01-07,100.0
2016-01-08,100.0
2016-01-09,100.0
2016-01-10,100.0
2016-01-11,100.0
2016-01-12,100.0
2016-01-13,100.0
2016-01-14,100.0
2016-01-15,100.0
2016-01-16,100.0
2016-01-17,100.0
2016-01-18,100.0
2016-01-19,100.0
2016-01-20,100.0
2016-01-21,100.0
2016-01-22,100.0
2016-01-23,100.0
2016-01-24,100.0
2016-01-25,100.0
2016-01-26,100.0
2016-01-27,100.0
2016-01-28,100.0
2016-01-29,100.0
2016-01-30,100.0
2016-01-31,100.0
2016-02-01,100.0
2016-02-02,100.0
2016-02-03,100.0
2016-02-04,100.0
2016-02-05,100.0
2016-02-06,100.0
2016-02-07,100.0
2016-02-08,100.0
2016-02-09,100.0
2016-02-10,100.0
2016-02-11,100.0
2016-02-12,100.0
2016-02-13,100.0
2016-02-14,100.0
2016-02-15,100.0
2016-02-16,100.0
2016-02-17,100.0
2016-02-18,100.0
2016-02-19,100.0
2016-02-20,100.0
2016-02-21,100.0
2016-02-22,100.0
2016-02-23,100.0
2016-02-24,100.0
2016-02-25,100.0
2016-02-26,100.0
2016-02-27,100.0
2016-02-28,100.0
2016-02-29,100.0
2016-03-01,100.0
2016-03-02,100.0
2016-03-03,100.0
2016-03-04,100.0
2016-03-05,100.0
2016-03-06,100.0
2016-03-07,100.0
2016-03-08,100.0
2016-03-09,100.0
2016-03-10,100.0
2016-03-11,100.0
2016-03-12,100.0
2016-03-13,100.0
2016-03-14,100.0
2016-03-15,100.0
2016-03-16,100.0
2016-03-17,100.0
2016-03-18,100.0
2016-03-19,100.0
2016-03-20,100.0
2016-03-21,100.0
2016-03-22,100.0
2016-03-23,100.0
2016-03-24,100.0
2016-03-25,100.0
2016-03-26,100.0
2016-03-27,100.0
2016-03-28,100.0
2016-03-29,100.0
2016-03-30,100.0
2016-03-31,100.0
2016-04-01,100.0
2016-04-02,100.0
2016-04-03,100.0
2016-04-04,100.0
2016-04-05,100.0
2016-04-06,100.0
2016-04-07,100.0
2016-04-08,100.0
2016-04-09,100.0
2016-04-10,100.0
2016-04-11,100.0
2016-04-12,100.0
2016-04-13,100.0
2016-04-14,100.0
2016-04-15,100.0
2016-04-16,100.0
2016-04-17,100.0
2016-04-18,100.0
2016-04-19,100.0
2016-04-20,100.0
2016-04-21,100.0
2016-04-22,100.0
2016-04-23,100.0
2016-04-24,100.0
2016-04-25,100.0
2016-04-26,99.9
2016-04-27,99.7
2016-04-28,99.5
2016-04-29,99.2
2016-04-30,96.8
2016-05-01,92.5
2016-05-02,89.6
2016-05-03,88.8
2016-05-04,88.1
2016-05-05,87.2
2016-05-06,86.2
2016-05-07,85.1
2016-05-08,84.1
2016-05-09,83.2
2016-05-10,82.5
2016-05-11,81.7
2016-05-12,79.4
2016-05-13,77.6
2016-05-14,77.6
2016-05-15,77.6
2016-05-16,77.6
2016-05-17,77.6
2016-05-18,77.6
2016-05-19,76.6
2016-05-20,75.0
2016-05-21,73.7
2016-05-22,72.5
2016-05-23,71.7
2016-05-24,71.3
2016-05-25,71.0
2016-05-26,70.4
2016-05-27,69.4
2016-05-28,68.4
2016-05-29,67.2
2016-05-30,66.0
2016-05-31,64.7
2016-06-01,63.4
2016-06-02,62.0
2016-06-03,60.6
2016-06-04,59.1
2016-06-05,57.6
2016-06-06,56.3
2016-06-07,55.3
2016-06-08,54.8
2016-06-09,54.3
2016-06-10,53.2
2016-06-11,51.6
2016-06-12,49.5
2016-06-13,48.0
2016-06-14,47.8
2016-06-15,47.6
2016-06-16,47.2
2016-06-17,47.0
2016-06-18,47.0
2016-06-19,47.0
2016-06-20,45.0
2016-06-21,43.0
2016-06-22,43.1
2016-06-23,43.5
2016-06-24,44.0
2016-06-25,44.5
2016-06-26,45.0
2016-06-27,45.3
2016-06-28,45.5
2016-06-29,45.6
2016-06-30,45.7
2016-07-01,45.8
2016-07-02,46.0
2016-07-03,46.7
2016-07-04,48.0
2016-07-05,49.6
2016-07-06,52.0
2016-07-07,59.5
2016-07-08,66.0
2016-07-09,67.1
2016-07-10,67.8
2016-07-11,68.0
2016-07-12,68.0
2016-07-13,68.0
2016-07-14,68.0
2016-07-15,68.0
2016-07-16,68.0
2016-07-17,68.0
2016-07-18,68.0
2016-07-19,65.6
2016-07-20,62.0
2016-07-21,59.7
2016-07-22,58.0
2016-07-23,57.1
2016-07-24,56.5
2016-07-25,56.0
2016-07-26,55.5
2016-07-27,55.2
2016-07-28,55.0
2016-07-29,56.6
2016-07-30,60.0
2016-07-31,63.4
2016-08-01,65.0
2016-08-02,64.6
2016-08-03,63.6
2016-08-04,62.0
2016-08-05,60.1
2016-08-06,58.0
2016-08-07,55.9
2016-08-08,54.0
2016-08-09,51.6
2016-08-10,50.0
2016-08-11,50.0
2016-08-12,50.0
2016-08-13,50.0
2016-08-14,50.0
2016-08-15,50.0
2016-08-16,48.6
2016-08-17,45.3
2016-08-18,42.0
2016-08-19,38.6
2016-08-20,36.0
2016-08-21,35.0
2016-08-22,34.3
2016-08-23,34.0
2016-08-24,34.1
2016-08-25,34.2
2016-08-26,34.4
2016-08-27,34.7
2016-08-28,35.1
2016-08-29,35.5
2016-08-30,36.0
2016-08-31,37.1
2016-09-01,38.0
2016-09-02,37.1
2016-09-03,35.2
2016-09-04,33.3
2016-09-05,32.4
2016-09-06,32.4
2016-09-07,32.5
2016-09-08,32.5
2016-09-09,32.6
2016-09-10,32.7
2016-09-11,32.9
2016-09-12,33.2
2016-09-13,33.6
2016-09-14,34.0
2016-09-15,34.5
2016-09-16,34.9
2016-09-17,35.3
2016-09-18,35.6
2016-09-19,35.8
2016-09-20,35.9
2016-09-21,36.0
2016-09-22,36.0
2016-09-23,36.1
2016-09-24,36.2
2016-09-25,36.2
2016-09-26,36.3
2016-09-27,36.3
2016-09-28,36.4
2016-09-29,36.5
2016-09-30,36.6
2016-10-01,36.7
2016-10-02,36.8
2016-10-03,36.9
2016-10-04,37.0
2016-10-05,37.2
2016-10-06,37.5
2016-10-07,37.8
2016-10-08,38.7
2016-10-09,39.5
2016-10-10,39.7
2016-10-11,39.8
2016-10-12,39.9
2016-10-13,40.0
2016-10-14,40.0
2016-10-15,40.1
2016-10-16,40.2
2016-10-17,40.2
2016-10-18,40.3
2016-10-19,40.4
2016-10-20,40.5
2016-10-21,40.6
2016-10-22,40.6
2016-10-23,40.6
2016-10-24,40.6
2016-10-25,41.4
2016-10-26,42.3
2016-10-27,42.5
2016-10-28,42.6
2016-10-29,42.7
2016-10-30,42.8
2016-10-31,43.0
2016-11-01,43.3
2016-11-02,43.6
2016-11-03,43.8
2016-11-04,43.9
2016-11-05,43.9
2016-11-06,44.0
2016-11-07,44.1
2016-11-08,44.3
2016-11-09,44.6
2016-11-10,45.0
2016-11-11,45.2
2016-11-12,45.3
2016-11-13,45.4
2016-11-14,45.5
2016-11-15,45.5
2016-11-16,45.6
2016-11-17,45.7
2016-11-18,45.7
2016-11-19,45.8
2016-11-20,45.9
2016-11-21,46.0
2016-11-22,46.1
2016-11-23,46.3
2016-11-24,46.9
2016-11-25,47.3
2016-11-26,47.3
2016-11-27,47.3
2016-11-28,47.6
2016-11-29,48.0
2016-11-30,48.1
2016-12-01,48.1
2016-12-02,48.1
2016-12-03,48.2
2016-12-04,48.2
2016-12-05,48.2
2016-12-06,48.2
2016-12-07,48.2
2016-12-08,48.3
2016-12-09,48.3
2016-12-10,48.3
2016-12-11,48.4
2016-12-12,48.5
2016-12-13,48.5
2016-12-14,48.6
2016-12-15,48.7
2016-12-16,48.7
2016-12-17,48.7
2016-12-18,48.8
2016-12-19,48.9
2016-12-20,49.0
2016-12-21,50.0
2016-12-22,51.3
2016-12-23,51.8
2016-12-24,52.3
2016-12-25,53.3
2016-12-26,54.3
2016-12-27,54.7
2016-12-28,55.0
2016-12-29,55.3
2016-12-30,55.6
2016-12-31,55.8
2017-01-01,55.9
2017-01-02,56.0
2017-01-03,56.1
2017-01-04,56.3
2017-01-05,56.5
2017-01-06,56.7
2017-01-07,56.8
2017-01-08,56.9
2017-01-09,57.0
2017-01-10,57.1
2017-01-11,57.2
2017-01-12,57.3
2017-01-13,57.4
2017-01-14,57.5
2017-01-15,57.6
2017-01-16,57.7
2017-01-17,57.8
2017-01-18,57.8
2017-01-19,57.9
2017-01-20,58.0
2017-01-21,58.1
2017-01-22,58.3
2017-01-23,58.4
2017-01-24,58.6
2017-01-25,58.7
2017-01-26,58.9
2017-01-27,59.1
2017-01-28,59.3
2017-01-29,59.5
2017-01-30,59.6
2017-01-31,59.8
2017-02-01,60.0
2017-02-02,60.1
2017-02-03,60.2
2017-02-04,60.4
2017-02-05,60.5
2017-02-06,60.6
2017-02-07,60.7
2017-02-08,60.8
2017-02-09,60.8
2017-02-10,60.9
2017-02-11,61.0
2017-02-12,61.0
2017-02-13,61.1
2017-02-14,61.1
2017-02-15,61.2
2017-02-16,61.3
2017-02-17,61.5
2017-02-18,61.7
2017-02-19,62.1
2017-02-20,62.4
2017-02-21,62.7
2017-02-22,63.1
2017-02-23,64.1
2017-02-24,64.9
2017-02-25,64.9
2017-02-26,64.9
2017-02-27,65.2
2017-02-28,65.6
2017-03-01,66.0
2017-03-02,66.3
2017-03-03,66.3
2017-03-04,66.3
2017-03-05,66.3
2017-03-06,66.6
2017-03-07,67.0
2017-03-08,67.1
2017-03-09,67.2
2017-03-10,67.2
2017-03-11,67.3
2017-03-12,67.3
2017-03-13,67.4
2017-03-14,67.4
2017-03-15,67.4
2017-03-16,67.4
2017-03-17,67.4
2017-03-18,67.4
2017-03-19,67.4
2017-03-20,67.4
2017-03-21,67.4
2017-03-22,67.4
2017-03-23,67.4
2017-03-24,67.4
2017-03-25,67.4
2017-03-26,67.4
2017-03-27,67.4
2017-03-28,67.4
2017-03-29,67.4
2017-03-30,67.4
2017-03-31,67.4
2017-04-01,67.4
2017-04-02,67.5
2017-04-03,67.6
2017-04-04,67.8
2017-04-05,68.0
2017-04-06,68.1
2017-04-07,68.2
2017-04-08,68.2
2017-04-09,68.3
2017-04-10,68.3
2017-04-11,68.4
2017-04-12,68.4
2017-04-13,68.4
2017-04-14,68.4
2017-04-15,68.5
2017-04-16,68.5
2017-04-17,68.5
2017-04-18,68.5
2017-04-19,68.4
2017-04-20,68.3
2017-04-21,68.0
2017-04-22,67.8
2017-04-23,67.6
2017-04-24,67.4
2017-04-25,67.3
2017-04-26,67.2
2017-04-27,67.1
2017-04-28,67.0
2017-04-29,66.0
2017-04-30,63.6
2017-05-01,60.3
2017-05-02,56.7
2017-05-03,50.4
2017-05-04,46.0
2017-05-05,46.0
2017-05-06,46.0
2017-05-07,46.0
2017-05-08,43.8
2017-05-09,40.6
2017-05-10,38.5
2017-05-11,37.2
2017-05-12,37.0
2017-05-13,36.9
2017-05-14,36.8
2017-05-15,36.6
2017-05-16,34.0
2017-05-17,30.4
2017-05-18,28.1
2017-05-19,26.7
2017-05-20,26.3
2017-05-21,26.1
2017-05-22,25.9
2017-05-23,25.7
2017-05-24,25.5
2017-05-25,23.6
2017-05-26,21.4
2017-05-27,20.4
2017-05-28,19.7
2017-05-29,19.3
2017-05-30,19.2
2017-05-31,19.1
2017-06-01,16.7
2017-06-02,13.8
2017-06-03,12.6
2017-06-04,11.7
2017-06-05,11.3
2017-06-06,11.3
2017-06-07,11.2
2017-06-08,11.2
2017-06-09,11.0
2017-06-10,10.8
2017-06-11,10.5
2017-06-12,10.3
2017-06-13,10.2
2017-06-14,10.0
2017-06-15,9.4
2017-06-16,9.0
2017-06-17,9.0
2017-06-18,9.0
2017-06-19,9.0
2017-06-20,9.0
2017-06-21,9.0
2017-06-22,9.0
2017-06-23,9.0
2017-06-24,9.0
2017-06-25,9.0
2017-06-26,9.0
2017-06-27,9.0
2017-06-28,9.0
2017-06-29,9.0
2017-06-30,9.1
2017-07-01,9.4
2017-07-02,9.8
2017-07-03,10.4
2017-07-04,11.0
2017-07-05,11.9
2017-07-06,13.2
2017-07-07,14.7
2017-07-08,17.1
2017-07-09,24.0
2017-07-10,33.5
2017-07-11,43.8
2017-07-12,50.6
2017-07-13,51.3
2017-07-14,52.0
2017-07-15,63.1
2017-07-16,79.5
2017-07-17,92.7
2017-07-18,100.0
2017-07-19,100.0
2017-07-20,100.0
2017-07-21,100.0
2017-07-22,100.0
2017-07-23,100.0
2017-07-24,100.0
2017-07-25,100.0
2017-07-26,100.0
2017-07-27,100.0
2017-07-28,100.0
2017-07-29,100.0
2017-07-30,100.0
2017-07-31,100.0
2017-08-01,100.0
2017-08-02,100.0
2017-08-03,100.0
2017-08-04,100.0
2017-08-05,100.0
2017-08-06,100.0
2017-08-07,100.0
2017-08-08,100.0
2017-08-09,100.0
2017-08-10,100.0
2017-08-11,100.0
2017-08-12,100.0
2017-08-13,100.0
2017-08-14,100.0
2017-08-15,100.0
2017-08-16,100.0
2017-08-17,100.0
2017-08-18,100.0
2017-08-19,100.0
2017-08-20,100.0
2017-08-21,100.0
2017-08-22,100.0
2017-08-23,100.0
2017-08-24,100.0
2017-08-25,100.0
2017-08-26,100.0
2017-08-27,100.0
2017-08-28,100.0
2017-08-29,100.0
2017-08-30,100.0
2017-08-31,100.0
2017-09-01,100.0
2017-09-02,100.0
2017-09-03,100.0
2017-09-04,100.0
2017-09-05,100.0
2017-09-06,100.0
2017-09-07,100.0
2017-09-08,100.0
2017-09-09,100.0
2017-09-10,99.1
2017-09-11,96.9
2017-09-12,94.1
2017-09-13,91.5
2017-09-14,90.0
2017-09-15,89.2
2017-09-16,88.6
2017-09-17,88.2
2017-09-18,88.0
2017-09-19,88.0
2017-09-20,88.0
2017-09-21,88.1
2017-09-22,88.2
2017-09-23,88.3
2017-09-24,88.4
2017-09-25,88.5
2017-09-26,88.7
2017-09-27,88.8
2017-09-28,89.0
2017-09-29,89.3
2017-09-30,89.5
2017-10-01,89.7
2017-10-02,90.0
2017-10-03,90.6
2017-10-04,91.9
2017-10-05,93.5
2017-10-06,95.3
2017-10-07,97.0
2017-10-08,98.5
2017-10-09,99.6
2017-10-10,100.0
2017-10-11,99.5
2017-10-12,98.3
2017-10-13,96.6
2017-10-14,94.7
2017-10-15,92.7
2017-10-16,91.0
2017-10-17,89.1
2017-10-18,88.0
2017-10-19,88.0
2017-10-20,88.0
2017-10-21,88.0
2017-10-22,88.0
2017-10-23,88.0
2017-10-24,88.0
2017-10-25,88.0
2017-10-26,88.0
2017-10-27,88.0
2017-10-28,88.0
2017-10-29,88.0
2017-10-30,88.0
2017-10-31,88.0
2017-11-01,88.0
2017-11-02,88.0
2017-11-03,88.0
2017-11-04,88.0
2017-11-05,88.0
2017-11-06,88.0
2017-11-07,88.0
2017-11-08,88.0
2017-11-09,88.0
2017-11-10,88.0
2017-11-11,88.0
2017-11-12,88.0
2017-11-13,88.0
2017-11-14,88.0
2017-11-15,88.0
2017-11-16,88.0
2017-11-17,88.1
2017-11-18,88.4
2017-11-19,88.7
2017-11-20,89.0
2017-11-21,89.3
2017-11-22,89.5
2017-11-23,89.6
2017-11-24,89.8
2017-11-25,90.0
2017-11-26,91.0
2017-11-27,91.9
2017-11-28,92.2
2017-11-29,92.3
2017-11-30,92.4
2017-12-01,92.5
2017-12-02,92.6
2017-12-03,92.6
2017-12-04,92.7
2017-12-05,92.8
2017-12-06,92.9
2017-12-07,93.0
2017-12-08,93.1
2017-12-09,93.2
2017-12-10,93.3
2017-12-11,93.4
2017-12-12,93.5
2017-12-13,93.5
2017-12-14,93.6
2017-12-15,93.6
2017-12-16,93.7
2017-12-17,93.7
2017-12-18,93.8
2017-12-19,93.9
2017-12-20,94.1
2017-12-21,94.4
2017-12-22,94.7
2017-12-23,95.0
2017-12-24,95.3
2017-12-25,95.5
2017-12-26,95.7
2017-12-27,95.8
2017-12-28,96.0
2017-12-29,96.1
2017-12-30,96.2
2017-12-31,96.3
2018-01-01,96.4
2018-01-02,96.5
2018-01-03,96.6
2018-01-04,96.8
2018-01-05,96.9
2018-01-06,97.0
2018-01-07,97.1
2018-01-08,97.2
2018-01-09,97.3
2018-01-10,97.5
2018-01-11,97.7
2018-01-12,97.8
2018-01-13,97.9
2018-01-14,98.0
2018-01-15,98.1
2018-01-16,98.2
2018-01-17,98.4
2018-01-18,98.8
2018-01-19,99.2
2018-01-20,99.4
2018-01-21,99.5
2018-01-22,99.6
2018-01-23,99.7
2018-01-24,99.7
2018-01-25,99.8
2018-01-26,99.9
2018-01-27,99.9
2018-01-28,99.9
2018-01-29,100.0
2018-01-30,100.0
2018-01-31,100.0
2018-02-01,100.0
2018-02-02,100.0
2018-02-03,100.0
2018-02-04,100.0
2018-02-05,100.0
2018-02-06,100.0
2018-02-07,100.0
2018-02-08,100.0
2018-02-09,100.0
2018-02-10,100.0
2018-02-11,100.0
2018-02-12,100.0
2018-02-13,100.0
2018-02-14,100.0
2018-02-15,100.0
2018-02-16,100.0
2018-02-17,100.0
2018-02-18,100.0
2018-02-19,100.0
2018-02-20,100.0
2018-02-21,100.0
2018-02-22,100.0
2018-02-23,100.0
2018-02-24,100.0
2018-02-25,100.0
2018-02-26,100.0
2018-02-27,100.0
2018-02-28,100.0
2018-03-01,100.0
2018-03-02,100.0
2018-03-03,100.0
2018-03-04,100.0
2018-03-05,100.0
2018-03-06,100.0
2018-03-07,100.0
2018-03-08,100.0
2018-03-09,100.0
2018-03-10,100.0
2018-03-11,100.0
2018-03-12,100.0
2018-03-13,100.0
2018-03-14,100.0
2018-03-15,100.0
2018-03-16,100.0
2018-03-17,100.0
2018-03-18,100.0
2018-03-19,100.0
2018-03-20,100.0
2018-03-21,100.0
2018-03-22,100.0
2018-03-23,100.0
2018-03-24,100.0
2018-03-25,100.0
2018-03-26,100.0
2018-03-27,100.0
2018-03-28,100.0
2018-03-29,100.0
2018-03-30,100.0
2018-03-31,100.0
2018-04-01,100.0
2018-04-02,100.0
2018-04-03,100.0
2018-04-04,100.0
2018-04-05,100.0
2018-04-06,100.0
2018-04-07,100.0
2018-04-08,100.0
2018-04-09,100.0
2018-04-10,100.0
2018-04-11,100.0
2018-04-12,100.0
2018-04-13,100.0
2018-04-14,100.0
2018-04-15,100.0
2018-04-16,100.0
2018-04-17,100.0
2018-04-18,100.0
2018-04-19,100.0
2018-04-20,100.0
2018-04-21,100.0
2018-04-22,100.0
2018-04-23,100.0
2018-04-24,100.0
2018-04-25,100.0
2018-04-26,100.0
2018-04-27,100.0
2018-04-28,100.0
2018-04-29,100.0
2018-04-30,100.0
2018-05-01,100.0
2018-05-02,100.0
2018-05-03,98.6
2018-05-04,96.9
2018-05-05,96.4
2018-05-06,96.0
2018-05-07,95.7
2018-05-08,95.3
2018-05-09,94.8
2018-05-10,94.2
2018-05-11,93.2
2018-05-12,92.3
2018-05-13,91.8
2018-05-14,91.3
2018-05-15,91.1
2018-05-16,91.0
2018-05-17,90.9
2018-05-18,90.8
2018-05-19,90.8
2018-05-20,90.9
2018-05-21,91.1
2018-05-22,91.0
2018-05-23,90.8
2018-05-24,90.6
2018-05-25,90.4
2018-05-26,89.8
2018-05-27,88.9
2018-05-28,87.8
2018-05-29,86.4
2018-05-30,85.1
2018-05-31,84.4
2018-06-01,83.6
2018-06-02,82.3
2018-06-03,80.7
2018-06-04,79.1
2018-06-05,77.7
2018-06-06,76.5
2018-06-07,75.5
2018-06-08,74.6
2018-06-09,73.2
2018-06-10,71.7
2018-06-11,71.0
2018-06-12,71.0
2018-06-13,71.0
2018-06-14,68.9
2018-06-15,66.7
2018-06-16,66.5
2018-06-17,66.5
2018-06-18,66.3
2018-06-19,65.3
2018-06-20,64.2
2018-06-21,63.7
2018-06-22,63.4
2018-06-23,65.4
2018-06-24,70.4
2018-06-25,76.7
2018-06-26,82.8
2018-06-27,87.0
2018-06-28,89.2
2018-06-29,91.1
2018-06-30,93.6
2018-07-01,96.1
2018-07-02,98.4
2018-07-03,99.6
2018-07-04,99.6
2018-07-05,99.6
2018-07-06,99.5
2018-07-07,99.4
2018-07-08,99.4
2018-07-09,99.3
2018-07-10,99.2
2018-07-11,99.1
2018-07-12,99.1
2018-07-13,99.0
2018-07-14,99.0
2018-07-15,98.9
2018-07-16,98.8
2018-07-17,98.6
2018-07-18,98.4
2018-07-19,95.6
2018-07-20,90.8
2018-07-21,85.9
2018-07-22,80.6
2018-07-23,76.5
2018-07-24,74.0
2018-07-25,72.1
2018-07-26,70.7
2018-07-27,69.6
2018-07-28,68.8
2018-07-29,68.1
2018-07-30,67.0
2018-07-31,64.0
2018-08-01,59.8
2018-08-02,54.7
2018-08-03,51.3
2018-08-04,50.9
2018-08-05,50.8
2018-08-06,50.6
2018-08-07,50.5
2018-08-08,50.3
2018-08-09,46.3
2018-08-10,41.3
2018-08-11,39.0
2018-08-12,37.3
2018-08-13,36.6
2018-08-14,36.6
2018-08-15,36.6
2018-08-16,36.3
2018-08-17,35.8
2018-08-18,35.5
2018-08-19,35.3
2018-08-20,35.2
2018-08-21,35.2
2018-08-22,35.3
2018-08-23,35.4
2018-08-24,35.5
2018-08-25,35.9
2018-08-26,36.8
2018-08-27,38.3
2018-08-28,48.4
2018-08-29,63.8
2018-08-30,78.1
2018-08-31,87.8
2018-09-01,90.0
2018-09-02,91.4
2018-09-03,92.7
2018-09-04,94.7
2018-09-05,96.1
2018-09-06,96.5
2018-09-07,96.9
2018-09-08,97.1
2018-09-09,97.3
2018-09-10,97.3
2018-09-11,97.1
2018-09-12,96.7
2018-09-13,96.3
2018-09-14,96.1
2018-09-15,96.1
2018-09-16,96.1
2018-09-17,96.1
2018-09-18,96.1
2018-09-19,96.1
2018-09-20,97.1
2018-09-21,98.1
2018-09-22,97.9
2018-09-23,97.3
2018-09-24,96.5
2018-09-25,95.7
2018-09-26,95.1
2018-09-27,94.9
2018-09-28,94.9
2018-09-29,94.9
2018-09-30,94.9
2018-10-01,95.3
2018-10-02,95.7
2018-10-03,95.7
2018-10-04,95.7
2018-10-05,96.9
2018-10-06,98.1
2018-10-07,98.1
2018-10-08,98.0
2018-10-09,97.8
2018-10-10,97.7
2018-10-11,97.5
2018-10-12,97.2
2018-10-13,96.9
2018-10-14,96.7
2018-10-15,96.5
2018-10-16,95.4
2018-10-17,94.5
2018-10-18,94.6
2018-10-19,94.7
2018-10-20,94.9
2018-10-21,95.1
2018-10-22,95.3
2018-10-23,95.5
2018-10-24,95.7
2018-10-25,95.7
2018-10-26,95.7
2018-10-27,95.7
2018-10-28,95.7
2018-10-29,96.2
2018-10-30,96.9
2018-10-31,97.4
2018-11-01,97.7
2018-11-02,97.8
2018-11-03,97.9
2018-11-04,98.0
2018-11-05,98.1
2018-11-06,98.2
2018-11-07,98.4
2018-11-08,99.3
2018-11-09,100.0
2018-11-10,100.0
2018-11-11,100.0
2018-11-12,100.0
2018-11-13,100.0
2018-11-14,100.0
2018-11-15,100.0
2018-11-16,100.0
2018-11-17,100.0
2018-11-18,100.0
2018-11-19,100.0
2018-11-20,100.0
2018-11-21,100.0
2018-11-22,100.0
2018-11-23,100.0
2018-11-24,100.0
2018-11-25,100.0
2018-11-26,100.0
2018-11-27,100.0
2018-11-28,100.0
2018-11-29,100.0
2018-11-30,100.0
2018-12-01,100.0
2018-12-02,100.0
2018-12-03,100.0
2018-12-04,100.0
2018-12-05,100.0
2018-12-06,100.0
2018-12-07,100.0
2018-12-08,100.0
2018-12-09,100.0
2018-12-10,100.0
2018-12-11,100.0
2018-12-12,100.0
2018-12-13,100.0
2018-12-14,100.0
2018-12-15,100.0
2018-12-16,100.0
2018-12-17,100.0
2018-12-18,100.0
2018-12-19,100.0
2018-12-20,100.0
2018-12-21,100.0
2018-12-22,100.0
2018-12-23,100.0
2018-12-24,100.0
2018-12-25,100.0
2018-12-26,100.0
2018-12-27,100.0
2018-12-28,100.0
2018-12-29,100.0
2018-12-30,100.0
2018-12-31,100.0
2019-01-01,100.0
2019-01-02,100.0
2019-01-03,100.0
2019-01-04,100.0
2019-01-05,100.0
2019-01-06,100.0
2019-01-07,100.0
2019-01-08,100.0
2019-01-09,100.0
2019-01-10,100.0
2019-01-11,100.0
2019-01-12,100.0
2019-01-13,100.0
2019-01-14,100.0
2019-01-15,100.0
2019-01-16,100.0
2019-01-17,100.0
2019-01-18,100.0
2019-01-19,100.0
2019-01-20,100.0
2019-01-21,100.0
2019-01-22,100.0
2019-01-23,100.0
2019-01-24,100.0
2019-01-25,100.0
2019-01-26,100.0
2019-01-27,100.0
2019-01-28,100.0
2019-01-29,100.0
2019-01-30,100.0
2019-01-31,100.0
2019-02-01,100.0
2019-02-02,100.0
2019-02-03,100.0
2019-02-04,100.0
2019-02-05,100.0
2019-02-06,100.0
2019-02-07,100.0
2019-02-08,100.0
2019-02-09,100.0
2019-02-10,100.0
2019-02-11,100.0
2019-02-12,100.0
2019-02-13,100.0
2019-02-14,100.0
2019-02-15,100.0
2019-02-16,100.0
2019-02-17,100.0
2019-02-18,100.0
2019-02-19,100.0
2019-02-20,100.0
2019-02-21,100.0
2019-02-22,100.0
2019-02-23,100.0
2019-02-24,100.0
2019-02-25,100.0
2019-02-26,100.0
2019-02-27,100.0
2019-02-28,100.0
2019-03-01,100.0
2019-03-02,100.0
2019-03-03,100.0
2019-03-04,100.0
2019-03-05,100.0
2019-03-06,100.0
2019-03-07,100.0
2019-03-08,100.0
2019-03-09,100.0
2019-03-10,100.0
2019-03-11,100.0
2019-03-12,100.0
2019-03-13,100.0
2019-03-14,100.0
2019-03-15,100.0
2019-03-16,100.0
2019-03-17,100.0
2019-03-18,100.0
2019-03-19,100.0
2019-03-20,100.0
2019-03-21,100.0
2019-03-22,100.0
2019-03-23,100.0
2019-03-24,100.0
2019-03-25,100.0
2019-03-26,100.0
2019-03-27,100.0
2019-03-28,100.0
2019-03-29,100.0
2019-03-30,100.0
2019-03-31,100.0
2019-04-01,100.0
2019-04-02,100.0
2019-04-03,100.0
2019-04-04,100.0
2019-04-05,100.0
2019-04-06,100.0
2019-04-07,100.0
2019-04-08,100.0
2019-04-09,100.0
2019-04-10,100.0
2019-04-11,100.0
2019-04-12,100.0
2019-04-13,100.0
2019-04-14,100.0
2019-04-15,100.0
2019-04-16,100.0
2019-04-17,100.0
2019-04-18,100.0
2019-04-19,100.0
2019-04-20,100.0
2019-04-21,100.0
2019-04-22,100.0
2019-04-23,100.0
2019-04-24,100.0
2019-04-25,100.0
2019-04-26,100.0
2019-04-27,100.0
2019-04-28,100.0
2019-04-29,99.9
2019-04-30,99.7
2019-05-01,99.5
2019-05-02,99.3
2019-05-03,99.2
2019-05-04,99.2
2019-05-05,99.2
2019-05-06,99.2
2019-05-07,91.9
2019-05-08,84.0
2019-05-09,83.2
2019-05-10,82.5
2019-05-11,80.0
2019-05-12,76.6
2019-05-13,74.6
2019-05-14,74.4
2019-05-15,74.2
2019-05-16,71.9
2019-05-17,69.6
2019-05-18,69.3
2019-05-19,69.1
2019-05-20,68.8
2019-05-21,67.9
2019-05-22,66.7
2019-05-23,65.3
2019-05-24,63.8
2019-05-25,62.3
2019-05-26,60.8
2019-05-27,59.8
2019-05-28,59.3
2019-05-29,58.8
2019-05-30,56.5
2019-05-31,54.3
2019-06-01,53.7
2019-06-02,53.4
2019-06-03,53.0
2019-06-04,52.2
2019-06-05,51.6
2019-06-06,52.9
2019-06-07,56.0
2019-06-08,59.8
2019-06-09,62.9
2019-06-10,64.2
2019-06-11,64.2
2019-06-12,64.1
2019-06-13,64.0
2019-06-14,63.9
2019-06-15,63.8
2019-06-16,63.6
2019-06-17,63.4
2019-06-18,63.1
2019-06-19,62.7
2019-06-20,61.6
2019-06-21,60.6
2019-06-22,60.3
2019-06-23,60.1
2019-06-24,59.8
2019-06-25,58.7
2019-06-26,57.7
2019-06-27,57.5
2019-06-28,57.3
2019-06-29,57.3
2019-06-30,57.3
2019-07-01,57.3
2019-07-02,57.3
2019-07-03,56.7
2019-07-04,56.0
2019-07-05,55.8
2019-07-06,55.7
2019-07-07,55.6
2019-07-08,55.6
2019-07-09,55.6
2019-07-10,55.6
2019-07-11,55.6
2019-07-12,55.4
2019-07-13,55.0
2019-07-14,54.8
2019-07-15,54.6
2019-07-16,51.1
2019-07-17,46.0
2019-07-18,42.0
2019-07-19,39.8
2019-07-20,39.8
2019-07-21,39.8
2019-07-22,39.8
2019-07-23,39.8
2019-07-24,39.8
2019-07-25,62.8
2019-07-26,89.3
2019-07-27,94.8
2019-07-28,97.7
2019-07-29,99.3
2019-07-30,100.0
2019-07-31,99.8
2019-08-01,99.2
2019-08-02,98.3
2019-08-03,97.3
2019-08-04,96.3
2019-08-05,95.3
2019-08-06,94.4
2019-08-07,93.4
2019-08-08,91.8
2019-08-09,90.8
2019-08-10,91.4
2019-08-11,92.9
2019-08-12,94.4
2019-08-13,95.3
2019-08-14,95.5
2019-08-15,95.7
2019-08-16,96.7
2019-08-17,97.7
2019-08-18,98.0
2019-08-19,98.1
2019-08-20,98.1
2019-08-21,98.0
2019-08-22,98.0
2019-08-23,97.9
2019-08-24,97.8
2019-08-25,97.6
2019-08-26,97.5
2019-08-27,97.4
2019-08-28,97.4
2019-08-29,97.3
2019-08-30,97.3
2019-08-31,97.3
2019-09-01,97.3
2019-09-02,96.6
2019-09-03,95.7
2019-09-04,95.3
2019-09-05,94.9
2019-09-06,94.5
2019-09-07,94.2
2019-09-08,93.9
2019-09-09,93.6
2019-09-10,93.3
2019-09-11,93.0
2019-09-12,92.7
2019-09-13,92.5
2019-09-14,92.2
2019-09-15,91.8
2019-09-16,91.5
2019-09-17,91.1
2019-09-18,90.5
2019-09-19,90.0
2019-09-20,89.3
2019-09-21,88.8
2019-09-22,88.2
2019-09-23,87.8
2019-09-24,87.5
2019-09-25,87.4
2019-09-26,87.4
2019-09-27,87.5
2019-09-28,87.5
2019-09-29,87.6
2019-09-30,87.8
2019-10-01,87.9
2019-10-02,88.1
2019-10-03,88.5
2019-10-04,88.9
2019-10-05,88.9
2019-10-06,88.8
2019-10-07,88.8
2019-10-08,88.7
2019-10-09,88.6
2019-10-10,88.5
2019-10-11,88.4
2019-10-12,88.3
2019-10-13,88.2
2019-10-14,88.1
2019-10-15,88.1
2019-10-16,88.1
2019-10-17,88.1
2019-10-18,88.1
2019-10-19,88.1
2019-10-20,88.1
2019-10-21,89.0
2019-10-22,90.0
2019-10-23,90.2
2019-10-24,90.4
2019-10-25,90.5
2019-10-26,90.6
2019-10-27,90.7
2019-10-28,90.8
2019-10-29,90.9
2019-10-30,91.1
2019-10-31,91.3
2019-11-01,91.5
2019-11-02,91.7
2019-11-03,91.8
2019-11-04,91.9
2019-11-05,92.0
2019-11-06,92.2
2019-11-07,92.3
2019-11-08,92.3
2019-11-09,92.3
2019-11-10,92.3
2019-11-11,93.4
2019-11-12,94.9
2019-11-13,95.3
2019-11-14,95.7
2019-11-15,96.4
2019-11-16,97.3
2019-11-17,98.2
2019-11-18,98.8
2019-11-19,99.1
2019-11-20,99.4
2019-11-21,99.6
2019-11-22,99.7
2019-11-23,99.9
2019-11-24,100.0
2019-11-25,100.0
2019-11-26,100.0
2019-11-27,99.9
2019-11-28,99.7
2019-11-29,99.5
2019-11-30,99.2
2019-12-01,98.9
2019-12-02,98.4
2019-12-03,95.0
2019-12-04,91.9
2019-12-05,91.9
2019-12-06,91.9
2019-12-07,91.9
2019-12-08,91.9
2019-12-09,92.3
2019-12-10,93.0
2019-12-11,93.4
2019-12-12,93.7
2019-12-13,94.0
2019-12-14,94.2
2019-12-15,94.4
2019-12-16,94.5
2019-12-17,94.7
2019-12-18,95.1
2019-12-19,95.4
2019-12-20,95.7
2019-12-21,96.0
2019-12-22,96.3
2019-12-23,96.5
2019-12-24,96.7
2019-12-25,96.9
2019-12-26,97.4
2019-12-27,97.7
2019-12-28,97.7
2019-12-29,97.7
2019-12-30,97.7
2019-12-31,97.7
2020-01-01,99.4
2020-01-02,99.6
2020-01-03,99.8
2020-01-04,99.9
2020-01-05,100.0
2020-01-06,100.0
2020-01-07,100.0
2020-01-08,100.0
2020-01-09,99.4
2020-01-10,98.8
2020-01-11,98.9
2020-01-12,99.0
2020-01-13,99.1
2020-01-14,99.3
2020-01-15,99.5
2020-01-16,99.8
2020-01-17,100.0
2020-01-18,100.0
2020-01-19,100.0
2020-01-20,100.0
2020-01-21,100.0
2020-01-22,100.0
2020-01-23,100.0
2020-01-24,100.0
2020-01-25,100.0
2020-01-26,100.0
2020-01-27,100.0
2020-01-28,98.4
2020-01-29,98.5
2020-01-30,98.5
2020-01-31,98.6
2020-02-01,98.8
2020-02-02,99.0
2020-02-03,99.1
2020-02-04,99.4
2020-02-05,99.6
2020-02-06,99.8
2020-02-07,100.0
2020-02-08,100.0
2020-02-09,100.0
2020-02-10,100.0
2020-02-11,100.0
2020-02-12,100.0
2020-02-13,100.0
2020-02-14,100.0
2020-02-15,100.0
2020-02-16,100.0
2020-02-17,100.0
2020-02-18,97.2
2020-02-19,93.8
2020-02-20,93.8
2020-02-21,93.8
2020-02-22,93.8
2020-02-23,93.8
2020-02-24,93.9
2020-02-25,93.9
2020-02-26,93.9
2020-02-27,94.0
2020-02-28,94.1
2020-02-29,94.2
2020-03-01,95.5
2020-03-02,96.9
2020-03-03,97.2
2020-03-04,97.5
2020-03-05,97.7
2020-03-06,97.8
2020-03-07,98.0
2020-03-08,98.0
2020-03-09,98.1
2020-03-10,97.5
2020-03-11,96.9
2020-03-12,96.9
2020-03-13,96.9
2020-03-14,96.9
2020-03-15,97.0
2020-03-16,97.0
2020-03-17,97.1
2020-03-18,97.1
2020-03-19,97.2
2020-03-20,97.3
2020-03-21,97.4
2020-03-22,97.5
2020-03-23,97.6
2020-03-24,97.7
2020-03-25,97.9
2020-03-26,98.1
2020-03-27,98.7
2020-03-28,99.2
2020-03-29,99.2
2020-03-30,99.2
2020-03-31,99.2
2020-04-01,99.2
2020-04-02,99.2
2020-04-03,99.2
2020-04-04,99.2
2020-04-05,99.2
2020-04-06,99.2
2020-04-07,99.2
2020-04-08,99.2
2020-04-09,99.1
2020-04-10,99.1
2020-04-11,99.1
2020-04-12,99.1
2020-04-13,99.1
2020-04-14,99.0
2020-04-15,99.0
2020-04-16,99.0
2020-04-17,99.0
2020-04-18,98.9
2020-04-19,98.9
2020-04-20,98.8
2020-04-21,98.3
2020-04-22,97.7
2020-04-23,97.2
2020-04-24,96.8
2020-04-25,96.4
2020-04-26,96.0
2020-04-27,95.7
2020-04-28,95.4
2020-04-29,95.1
2020-04-30,95.0
2020-05-01,94.9
2020-05-02,94.9
2020-05-03,94.9
2020-05-04,89.9
2020-05-05,82.5
2020-05-06,77.4
2020-05-07,74.2
2020-05-08,73.1
2020-05-09,72.4
2020-05-10,72.1
2020-05-11,72.1
2020-05-12,72.1
2020-05-13,70.9
2020-05-14,69.6
2020-05-15,69.4
2020-05-16,69.2
2020-05-17,69.2
2020-05-18,71.8
2020-05-19,74.6
2020-05-20,74.9
2020-05-21,75.2
2020-05-22,75.3
2020-05-23,75.3
2020-05-24,74.6
2020-05-25,73.2
2020-05-26,71.6
2020-05-27,70.3
2020-05-28,69.9
2020-05-29,69.7
2020-05-30,69.2
2020-05-31,66.3
2020-06-01,63.4
2020-06-02,63.1
2020-06-03,63.0
2020-06-04,62.8
2020-06-05,62.7
2020-06-06,62.4
2020-06-07,59.7
2020-06-08,57.3
2020-06-09,57.4
2020-06-10,57.5
2020-06-11,57.7
2020-06-12,57.9
2020-06-13,58.1
2020-06-14,58.2
2020-06-15,58.4
2020-06-16,58.4
2020-06-17,57.9
2020-06-18,57.3
2020-06-19,57.1
2020-06-20,56.8
2020-06-21,56.6
2020-06-22,56.4
2020-06-23,56.3
2020-06-24,56.2
2020-06-25,56.1
2020-06-26,56.0
2020-06-27,56.0
2020-06-28,56.1
2020-06-29,56.3
2020-06-30,61.5
2020-07-01,66.7
2020-07-02,66.9
2020-07-03,67.1
2020-07-04,67.1
2020-07-05,67.2
2020-07-06,67.2
2020-07-07,67.3
2020-07-08,67.3
2020-07-09,67.4
2020-07-10,67.5
2020-07-11,67.8
2020-07-12,71.8
2020-07-13,78.7
2020-07-14,86.3
2020-07-15,91.1
2020-07-16,91.5
2020-07-17,91.6
2020-07-18,91.9
2020-07-19,92.8
2020-07-20,94.2
2020-07-21,95.4
2020-07-22,96.7
2020-07-23,98.1
2020-07-24,99.4
2020-07-25,100.0
2020-07-26,100.0
2020-07-27,100.0
2020-07-28,100.0
2020-07-29,100.0
2020-07-30,100.0
2020-07-31,100.0
2020-08-01,100.0
2020-08-02,100.0
2020-08-03,100.0
2020-08-04,100.0
2020-08-05,100.0
2020-08-06,100.0
2020-08-07,100.0
2020-08-08,100.0
2020-08-09,100.0
2020-08-10,100.0
2020-08-11,100.0
2020-08-12,100.0
2020-08-13,99.6
2020-08-14,98.4
2020-08-15,98.4
2020-08-16,98.4
2020-08-17,98.4
2020-08-18,97.9
2020-08-19,96.9
2020-08-20,95.0
2020-08-21,92.7
2020-08-22,91.5
2020-08-23,91.5
2020-08-24,91.5
2020-08-25,91.5
2020-08-26,91.5
2020-08-27,95.4
2020-08-28,100.0
2020-08-29,100.0
2020-08-30,100.0
2020-08-31,100.0
2020-09-01,99.4
2020-09-02,96.9
2020-09-03,96.9
2020-09-04,96.9
2020-09-05,96.9
2020-09-06,96.9
2020-09-07,96.9
2020-09-08,95.6
2020-09-09,94.2
2020-09-10,93.9
2020-09-11,93.8
2020-09-12,93.8
2020-09-13,93.6
2020-09-14,93.4
2020-09-15,90.7
2020-09-16,87.8
2020-09-17,87.2
2020-09-18,86.8
2020-09-19,86.6
2020-09-20,89.1
2020-09-21,91.5
2020-09-22,91.5
2020-09-23,91.4
2020-09-24,91.3
2020-09-25,91.2
2020-09-26,91.0
2020-09-27,90.8
2020-09-28,89.6
2020-09-29,88.5
2020-09-30,88.5
2020-10-01,88.5
2020-10-02,88.5
2020-10-03,88.5
2020-10-04,88.5
2020-10-05,88.5
2020-10-06,88.5
2020-10-07,88.5
2020-10-08,88.5
2020-10-09,88.5
2020-10-10,88.5
2020-10-11,88.5
2020-10-12,88.5
2020-10-13,88.5
2020-10-14,88.5
2020-10-15,88.5
2020-10-16,88.5
2020-10-17,88.5
2020-10-18,88.5
2020-10-19,88.5
2020-10-20,88.5
2020-10-21,88.5
2020-10-22,88.5
2020-10-23,88.5
2020-10-24,88.5
2020-10-25,88.5
2020-10-26,88.3
2020-10-27,88.1
2020-10-28,88.1
2020-10-29,88.2
2020-10-30,88.2
2020-10-31,88.3
2020-11-01,88.4
2020-11-02,88.5
2020-11-03,88.6
2020-11-04,88.7
2020-11-05,88.8
2020-11-06,89.0
2020-11-07,89.1
2020-11-08,89.3
2020-11-09,89.5
2020-11-10,89.7
2020-11-11,89.9
2020-11-12,90.1
2020-11-13,90.3
2020-11-14,90.5
2020-11-15,90.8
2020-11-16,91.1
2020-11-17,91.5
2020-11-18,93.1
2020-11-19,95.5
2020-11-20,97.3
2020-11-21,98.0
2020-11-22,98.5
2020-11-23,98.8
2020-11-24,99.1
2020-11-25,99.4
2020-11-26,99.7
2020-11-27,100.0
2020-11-28,100.0
2020-11-29,100.0
2020-11-30,100.0
2020-12-01,100.0
2020-12-02,100.0
2020-12-03,100.0
2020-12-04,100.0
2020-12-05,100.0
2020-12-06,100.0
2020-12-07,100.0
2020-12-08,100.0
2020-12-09,100.0
2020-12-10,100.0
2020-12-11,100.0
2020-12-12,100.0
2020-12-13,100.0
2020-12-14,100.0
2020-12-15,100.0
2020-12-16,100.0
2020-12-17,100.0
2020-12-18,100.0
2020-12-19,100.0
2020-12-20,100.0
2020-12-21,100.0
2020-12-22,100.0
2020-12-23,100.0
2020-12-24,100.0
2020-12-25,100.0
2020-12-26,100.0
2020-12-27,100.0
2020-12-28,100.0
2020-12-29,100.0
2020-12-30,100.0
2020-12-31,100.0
2021-01-01,100.0
2021-01-02,100.0
2021-01-03,100.0
2021-01-04,100.0
2021-01-05,100.0
2021-01-06,100.0
2021-01-07,100.0
2021-01-08,100.0
2021-01-09,100.0
2021-01-10,100.0
2021-01-11,100.0
2021-01-12,100.0
2021-01-13,100.0
2021-01-14,100.0
2021-01-15,100.0
2021-01-16,100.0
2021-01-17,100.0
2021-01-18,100.0
2021-01-19,100.0
2021-01-20,100.0
2021-01-21,100.0
2021-01-22,100.0
2021-01-23,100.0
2021-01-24,100.0
2021-01-25,100.0
2021-01-26,100.0
2021-01-27,100.0
2021-01-28,100.0
2021-01-29,100.0
2021-01-30,100.0
2021-01-31,100.0
2021-02-01,100.0
2021-02-02,100.0
2021-02-03,100.0
2021-02-04,100.0
2021-02-05,100.0
2021-02-06,100.0
2021-02-07,100.0
2021-02-08,100.0
2021-02-09,100.0
2021-02-10,100.0
2021-02-11,100.0
2021-02-12,100.0
2021-02-13,100.0
2021-02-14,100.0
2021-02-15,100.0
2021-02-16,100.0
2021-02-17,100.0
2021-02-18,100.0
2021-02-19,100.0
2021-02-20,100.0
2021-02-21,100.0
2021-02-22,100.0
2021-02-23,100.0
2021-02-24,100.0
2021-02-25,100.0
2021-02-26,100.0
2021-02-27,100.0
2021-02-28,100.0
2021-03-01,100.0
2021-03-02,99.4
2021-03-03,98.8
2021-03-04,99.1
2021-03-05,99.6
2021-03-06,99.8
2021-03-07,99.9
2021-03-08,100.0
2021-03-09,100.0
2021-03-10,100.0
2021-03-11,100.0
2021-03-12,100.0
2021-03-13,100.0
2021-03-14,100.0
2021-03-15,100.0
2021-03-16,100.0
2021-03-17,100.0
2021-03-18,100.0
2021-03-19,100.0
2021-03-20,100.0
2021-03-21,100.0
2021-03-22,100.0
2021-03-23,100.0
2021-03-24,100.0
2021-03-25,100.0
2021-03-26,100.0
2021-03-27,100.0
2021-03-28,100.0
2021-03-29,100.0
2021-03-30,100.0
2021-03-31,99.8
2021-04-01,99.6
2021-04-02,99.6
2021-04-03,99.6
2021-04-04,99.8
2021-04-05,100.0
2021-04-06,100.0
2021-04-07,100.0
2021-04-08,100.0
2021-04-09,100.0
2021-04-10,100.0
2021-04-11,100.0
2021-04-12,100.0
2021-04-13,100.0
2021-04-14,100.0
2021-04-15,100.0
2021-04-16,100.0
2021-04-17,100.0
2021-04-18,100.0
2021-04-19,100.0
2021-04-20,100.0
2021-04-21,100.0
2021-04-22,99.8
2021-04-23,99.5
2021-04-24,99.2
2021-04-25,99.0
2021-04-26,98.8
2021-04-27,96.6
2021-04-28,93.4
2021-04-29,90.8
2021-04-30,88.9
2021-05-01,87.8
2021-05-02,87.0
2021-05-03,86.6
2021-05-04,86.5
2021-05-05,86.3
2021-05-06,84.5
2021-05-07,82.9
2021-05-08,82.9
2021-05-09,82.9
2021-05-10,82.9
2021-05-11,83.1
2021-05-12,83.2
2021-05-13,79.9
2021-05-14,76.5
2021-05-15,76.9
2021-05-16,77.8
2021-05-17,78.7
2021-05-18,79.6
2021-05-19,80.6
2021-05-20,81.4
2021-05-21,82.1
2021-05-22,83.1
2021-05-23,84.2
2021-05-24,84.7
2021-05-25,84.2
2021-05-26,83.2
2021-05-27,81.2
2021-05-28,79.8
2021-05-29,81.3
2021-05-30,84.0
2021-05-31,85.5
2021-06-01,84.6
2021-06-02,83.6
2021-06-03,84.8
2021-06-04,85.9
2021-06-05,85.9
2021-06-06,85.7
2021-06-07,85.5
2021-06-08,83.5
2021-06-09,81.7
2021-06-10,82.3
2021-06-11,82.9
2021-06-12,82.7
2021-06-13,82.2
2021-06-14,81.4
2021-06-15,78.1
2021-06-16,75.3
2021-06-17,75.3
2021-06-18,75.3
2021-06-19,75.3
2021-06-20,75.3
2021-06-21,75.3
2021-06-22,74.1
2021-06-23,72.8
2021-06-24,73.2
2021-06-25,73.5
2021-06-26,73.5
2021-06-27,73.5
2021-06-28,74.1
2021-06-29,74.6
2021-06-30,74.6
2021-07-01,74.6
2021-07-02,74.6
2021-07-03,78.5
2021-07-04,82.9
2021-07-05,83.5
2021-07-06,84.0
2021-07-07,87.0
2021-07-08,89.6
2021-07-09,89.6
2021-07-10,89.6
2021-07-11,88.5
2021-07-12,87.4
2021-07-13,87.4
2021-07-14,87.4
2021-07-15,87.4
2021-07-16,87.4
2021-07-17,87.4
2021-07-18,87.4
2021-07-19,87.4
2021-07-20,85.4
2021-07-21,81.7
2021-07-22,77.1
2021-07-23,73.5
2021-07-24,72.3
2021-07-25,71.5
2021-07-26,71.0
2021-07-27,70.8
2021-07-28,70.6
2021-07-29,69.5
2021-07-30,68.5
2021-07-31,68.5
2021-08-01,68.5
2021-08-02,59.2
2021-08-03,49.6
2021-08-04,49.2
2021-08-05,49.0
2021-08-06,49.0
2021-08-07,49.0
2021-08-08,49.0
2021-08-09,49.0
2021-08-10,48.0
2021-08-11,46.0
2021-08-12,42.1
2021-08-13,39.2
2021-08-14,39.2
2021-08-15,39.2
2021-08-16,39.2
2021-08-17,36.1
2021-08-18,32.9
2021-08-19,33.2
2021-08-20,33.8
2021-08-21,34.3
2021-08-22,34.8
2021-08-23,35.8
2021-08-24,40.8
2021-08-25,46.6
2021-08-26,48.8
2021-08-27,50.6
2021-08-28,52.6
2021-08-29,54.8
2021-08-30,58.4
2021-08-31,73.5
2021-09-01,90.0
2021-09-02,96.9
2021-09-03,100.0
2021-09-04,100.0
2021-09-05,100.0
2021-09-06,100.0
2021-09-07,100.0
2021-09-08,100.0
2021-09-09,100.0
2021-09-10,100.0
2021-09-11,100.0
2021-09-12,99.4
2021-09-13,98.1
2021-09-14,94.8
2021-09-15,92.3
2021-09-16,92.5
2021-09-17,92.7
2021-09-18,92.7
2021-09-19,92.7
2021-09-20,92.7
2021-09-21,92.7
2021-09-22,95.5
2021-09-23,98.8
2021-09-24,99.7
2021-09-25,100.0
2021-09-26,99.7
2021-09-27,99.1
2021-09-28,98.8
2021-09-29,98.8
2021-09-30,98.8
2021-10-01,98.8
2021-10-02,98.8
2021-10-03,98.8
2021-10-04,98.8
2021-10-05,97.1
2021-10-06,94.9
2021-10-07,93.9
2021-10-08,93.4
2021-10-09,93.4
2021-10-10,93.4
2021-10-11,93.4
2021-10-12,92.9
2021-10-13,92.3
2021-10-14,92.0
2021-10-15,91.9
2021-10-16,92.1
2021-10-17,92.5
2021-10-18,92.7
2021-10-19,92.1
2021-10-20,91.1
2021-10-21,90.2
2021-10-22,89.6
2021-10-23,89.6
2021-10-24,89.6
2021-10-25,89.6
2021-10-26,89.7
2021-10-27,90.0
2021-10-28,90.3
2021-10-29,90.6
2021-10-30,90.8
2021-10-31,90.8
2021-11-01,90.8
2021-11-02,90.9
2021-11-03,91.1
2021-11-04,91.7
2021-11-05,92.3
2021-11-06,92.5
2021-11-07,92.7
2021-11-08,93.0
2021-11-09,94.2
2021-11-10,96.1
2021-11-11,98.5
2021-11-12,100.0
2021-11-13,100.0
2021-11-14,100.0
2021-11-15,100.0
2021-11-16,100.0
2021-11-17,100.0
2021-11-18,100.0
2021-11-19,100.0
2021-11-20,100.0
2021-11-21,100.0
2021-11-22,100.0
2021-11-23,100.0
2021-11-24,100.0
2021-11-25,100.0
2021-11-26,100.0
2021-11-27,100.0
2021-11-28,100.0
2021-11-29,100.0
2021-11-30,100.0
2021-12-01,100.0
2021-12-02,100.0
2021-12-03,100.0
2021-12-04,100.0
2021-12-05,100.0
2021-12-06,100.0
2021-12-07,100.0
2021-12-08,100.0
2021-12-09,100.0
2021-12-10,100.0
2021-12-11,100.0
2021-12-12,100.0
2021-12-13,100.0
2021-12-14,100.0
2021-12-15,100.0
2021-12-16,100.0
2021-12-17,100.0
2021-12-18,100.0
2021-12-19,100.0
2021-12-20,100.0
2021-12-21,100.0
2021-12-22,100.0
2021-12-23,100.0
2021-12-24,100.0
2021-12-25,100.0
2021-12-26,100.0
2021-12-27,100.0
2021-12-28,100.0
2021-12-29,100.0
2021-12-30,100.0
2021-12-31,100.0
2022-01-01,100.0
2022-01-02,100.0
2022-01-03,100.0
2022-01-04,100.0
2022-01-05,100.0
2022-01-06,100.0
2022-01-07,100.0
2022-01-08,100.0
2022-01-09,100.0
2022-01-10,100.0
2022-01-11,100.0
2022-01-12,100.0
2022-01-13,100.0
2022-01-14,100.0
2022-01-15,100.0
2022-01-16,100.0
2022-01-17,100.0
2022-01-18,100.0
2022-01-19,100.0
2022-01-20,100.0
2022-01-21,100.0
2022-01-22,100.0
2022-01-23,100.0
2022-01-24,100.0
2022-01-25,100.0
2022-01-26,100.0
2022-01-27,100.0
2022-01-28,100.0
2022-01-29,100.0
2022-01-30,100.0
2022-01-31,100.0
2022-02-01,100.0
2022-02-02,100.0
2022-02-03,100.0
2022-02-04,100.0
2022-02-05,100.0
2022-02-06,100.0
2022-02-07,100.0
2022-02-08,100.0
2022-02-09,100.0
2022-02-10,100.0
2022-02-11,100.0
2022-02-12,100.0
2022-02-13,100.0
2022-02-14,100.0
2022-02-15,100.0
2022-02-16,100.0
2022-02-17,100.0
2022-02-18,100.0
2022-02-19,100.0
2022-02-20,100.0
2022-02-21,100.0
2022-02-22,100.0
2022-02-23,100.0
2022-02-24,100.0
2022-02-25,100.0
2022-02-26,100.0
2022-02-27,100.0
2022-02-28,100.0
2022-03-01,100.0
2022-03-02,100.0
2022-03-03,100.0
2022-03-04,100.0
2022-03-05,100.0
2022-03-06,100.0
2022-03-07,100.0
2022-03-08,100.0
2022-03-09,100.0
2022-03-10,100.0
2022-03-11,100.0
2022-03-12,100.0
2022-03-13,100.0
2022-03-14,100.0
2022-03-15,100.0
2022-03-16,100.0
2022-03-17,100.0
2022-03-18,100.0
2022-03-19,100.0
2022-03-20,100.0
2022-03-21,100.0
2022-03-22,100.0
2022-03-23,100.0
2022-03-24,100.0
2022-03-25,100.0
2022-03-26,100.0
2022-03-27,100.0
2022-03-28,100.0
2022-03-29,100.0
2022-03-30,100.0
2022-03-31,100.0
2022-04-01,100.0
2022-04-02,100.0
2022-04-03,100.0
2022-04-04,100.0
2022-04-05,100.0
2022-04-06,100.0
2022-04-07,100.0
2022-04-08,100.0
2022-04-09,100.0
2022-04-10,100.0
2022-04-11,100.0
2022-04-12,100.0
2022-04-13,100.0
2022-04-14,100.0
2022-04-15,100.0
2022-04-16,100.0
2022-04-17,100.0
2022-04-18,100.0
2022-04-19,100.0
2022-04-20,100.0
2022-04-21,100.0
2022-04-22,100.0
2022-04-23,100.0
2022-04-24,100.0
2022-04-25,100.0
2022-04-26,100.0
2022-04-27,100.0
2022-04-28,100.0
2022-04-29,100.0
2022-04-30,100.0
2022-05-01,100.0
2022-05-02,100.0
2022-05-03,100.0
2022-05-04,100.0
2022-05-05,98.9
2022-05-06,98.4
2022-05-07,98.4
2022-05-08,98.4
2022-05-09,93.2
2022-05-10,85.9
2022-05-11,81.7
2022-05-12,78.2
2022-05-13,75.7
2022-05-14,74.0
2022-05-15,72.8
2022-05-16,72.1
2022-05-17,71.9
2022-05-18,71.7
2022-05-19,69.0
2022-05-20,65.2
2022-05-21,63.2
2022-05-22,61.5
2022-05-23,60.2
2022-05-24,59.3
2022-05-25,58.4
2022-05-26,56.8
2022-05-27,55.0
2022-05-28,53.3
2022-05-29,51.8
2022-05-30,51.0
2022-05-31,50.8
2022-06-01,50.6
2022-06-02,47.2
2022-06-03,43.3
2022-06-04,42.3
2022-06-05,41.7
2022-06-06,41.3
2022-06-07,41.0
2022-06-08,40.7
2022-06-09,40.5
2022-06-10,40.3
2022-06-11,40.1
2022-06-12,39.6
2022-06-13,39.2
2022-06-14,39.2
2022-06-15,39.2
2022-06-16,39.3
2022-06-17,39.3
2022-06-18,39.4
2022-06-19,39.4
2022-06-20,39.5
2022-06-21,39.6
2022-06-22,39.8
2022-06-23,41.2
2022-06-24,42.6
2022-06-25,42.6
2022-06-26,42.6
2022-06-27,44.1
2022-06-28,46.0
2022-06-29,46.6
2022-06-30,47.1
2022-07-01,47.3
2022-07-02,47.3
2022-07-03,47.3
2022-07-04,58.3
2022-07-05,71.7
2022-07-06,74.3
2022-07-07,76.0
2022-07-08,76.8
2022-07-09,77.1
2022-07-10,77.3
2022-07-11,77.6
2022-07-12,82.4
2022-07-13,87.8
2022-07-14,89.0
2022-07-15,89.8
2022-07-16,90.4
2022-07-17,90.9
2022-07-18,91.3
2022-07-19,91.7
2022-07-20,92.0
2022-07-21,92.4
2022-07-22,92.8
2022-07-23,93.4
2022-07-24,94.7
2022-07-25,95.7
2022-07-26,95.7
2022-07-27,95.6
2022-07-28,95.5
2022-07-29,95.4
2022-07-30,95.4
2022-07-31,95.3
2022-08-01,95.9
2022-08-02,96.5
2022-08-03,96.7
2022-08-04,96.8
2022-08-05,96.8
2022-08-06,96.9
2022-08-07,97.1
2022-08-08,97.3
2022-08-09,99.7
2022-08-10,100.0
2022-08-11,100.0
2022-08-12,100.0
2022-08-13,100.0
2022-08-14,100.0
2022-08-15,100.0
2022-08-16,100.0
2022-08-17,100.0
2022-08-18,100.0
2022-08-19,100.0
2022-08-20,99.2
2022-08-21,97.8
2022-08-22,96.5
2022-08-23,96.1
2022-08-24,95.7
2022-08-25,94.8
2022-08-26,94.2
2022-08-27,94.0
2022-08-28,93.9
2022-08-29,93.9
2022-08-30,93.8
2022-08-31,93.8
2022-09-01,93.8
2022-09-02,96.1
2022-09-03,98.4
2022-09-04,96.9
2022-09-05,95.3
2022-09-06,95.3
2022-09-07,95.3
2022-09-08,95.3
2022-09-09,95.3
2022-09-10,95.3
2022-09-11,95.3
2022-09-12,93.5
2022-09-13,91.2
2022-09-14,90.3
2022-09-15,89.6
2022-09-16,89.1
2022-09-17,88.7
2022-09-18,88.1
2022-09-19,87.4
2022-09-20,87.0
2022-09-21,87.0
2022-09-22,87.1
2022-09-23,87.2
2022-09-24,87.3
2022-09-25,87.4
2022-09-26,87.6
2022-09-27,87.8
2022-09-28,88.0
2022-09-29,88.2
2022-09-30,88.4
2022-10-01,88.6
2022-10-02,88.9
2022-10-03,89.3
2022-10-04,89.6
2022-10-05,89.6
2022-10-06,89.6
2022-10-07,89.6
2022-10-08,89.6
2022-10-09,89.6
2022-10-10,89.6
2022-10-11,89.6
2022-10-12,88.9
2022-10-13,88.1
2022-10-14,88.2
2022-10-15,88.4
2022-10-16,88.7
2022-10-17,89.1
2022-10-18,89.4
2022-10-19,89.7
2022-10-20,89.9
2022-10-21,90.0
2022-10-22,90.0
2022-10-23,90.0
2022-10-24,88.5
2022-10-25,85.6
2022-10-26,84.0
2022-10-27,84.0
2022-10-28,84.0
2022-10-29,84.0
2022-10-30,84.1
2022-10-31,84.1
2022-11-01,84.2
2022-11-02,84.2
2022-11-03,84.3
2022-11-04,84.4
2022-11-05,84.6
2022-11-06,84.7
2022-11-07,84.9
2022-11-08,85.1
2022-11-09,85.4
2022-11-10,85.6
2022-11-11,85.9
2022-11-12,86.3
2022-11-13,91.9
2022-11-14,97.7
2022-11-15,97.9
2022-11-16,98.0
2022-11-17,98.2
2022-11-18,98.3
2022-11-19,98.4
2022-11-20,98.5
2022-11-21,98.6
2022-11-22,98.7
2022-11-23,98.7
2022-11-24,98.8
2022-11-25,98.8
2022-11-26,98.8
2022-11-27,98.8
2022-11-28,98.8
2022-11-29,98.8
2022-11-30,98.1
2022-12-01,97.3
2022-12-02,97.3
2022-12-03,97.3
2022-12-04,97.4
2022-12-05,97.5
2022-12-06,97.7
2022-12-07,97.8
2022-12-08,98.0
2022-12-09,98.2
2022-12-10,98.4
2022-12-11,99.1
2022-12-12,99.6
2022-12-13,99.6
2022-12-14,99.6
2022-12-15,99.6
2022-12-16,99.6
2022-12-17,99.6
2022-12-18,99.6
2022-12-19,99.6
2022-12-20,99.6
2022-12-21,99.6
2022-12-22,99.6
2022-12-23,99.6
2022-12-24,99.6
2022-12-25,99.6
2022-12-26,99.6
2022-12-27,99.6
2022-12-28,99.6
2022-12-29,99.6
2022-12-30,99.6
2022-12-31,99.6
2023-01-01,99.6
2023-01-02,99.6
2023-01-03,99.6
2023-01-04,99.6
2023-01-05,99.6
2023-01-06,99.2
2023-01-07,99.2
2023-01-08,99.2
2023-01-09,99.2
2023-01-10,99.6
2023-01-11,99.6
2023-01-12,99.6
2023-01-13,100.0
2023-01-14,100.0
2023-01-15,100.0
2023-01-16,99.6
2023-01-17,98.8
2023-01-18,98.1
2023-01-19,97.3
2023-01-20,96.5
2023-01-21,96.5
2023-01-22,96.5
2023-01-23,96.5
2023-01-24,96.5
2023-01-25,94.5
2023-01-26,94.5
2023-01-27,94.9
2023-01-28,94.9
2023-01-29,94.9
2023-01-30,95.3
2023-01-31,95.3
2023-02-01,95.7
2023-02-02,96.1
2023-02-03,96.1
2023-02-04,96.1
2023-02-05,96.1
2023-02-06,96.9
2023-02-07,96.9
2023-02-08,97.3
2023-02-09,97.3
2023-02-10,97.7
2023-02-11,97.7
2023-02-12,97.7
2023-02-13,98.1
2023-02-14,98.4
2023-02-15,98.4
2023-02-16,98.8
2023-02-17,98.8
2023-02-18,98.8
2023-02-19,98.8
2023-02-20,99.2
2023-02-21,98.8
2023-02-22,99.2
2023-02-23,99.2
2023-02-24,99.2
2023-02-25,99.2
2023-02-26,99.2
2023-02-27,99.2
2023-02-28,99.2
2023-03-01,99.2
2023-03-02,98.8
2023-03-03,98.8
2023-03-04,98.8
2023-03-05,98.8
2023-03-06,98.8
2023-03-07,98.8
2023-03-08,98.8
2023-03-09,98.8
2023-03-10,98.8
2023-03-11,98.8
2023-03-12,98.8
2023-03-13,98.8
2023-03-14,98.8
2023-03-15,98.8
2023-03-16,98.4
2023-03-17,98.4
2023-03-18,98.4
2023-03-19,98.4
2023-03-20,98.8
2023-03-21,98.8
2023-03-22,98.8
2023-03-23,98.4
2023-03-24,98.4
2023-03-25,98.4
2023-03-26,98.4
2023-03-27,98.1
2023-03-28,98.1
2023-03-29,98.1
2023-03-30,98.1
2023-03-31,98.1
2023-04-01,98.1
2023-04-02,98.1
2023-04-03,97.7
2023-04-04,97.3
2023-04-05,97.7
2023-04-06,98.4
2023-04-07,98.4
2023-04-08,98.4
2023-04-09,98.4
2023-04-10,98.1
2023-04-11,98.1
2023-04-12,98.1
2023-04-13,97.7
2023-04-14,97.7
2023-04-15,97.7
2023-04-16,97.7
2023-04-17,97.7
2023-04-18,97.7
2023-04-19,97.7
2023-04-20,97.3
2023-04-21,97.3
2023-04-22,97.3
2023-04-23,97.3
2023-04-24,96.9
2023-04-25,96.5
2023-04-26,96.5
2023-04-27,96.1
2023-04-28,96.1
2023-04-29,96.1
2023-04-30,96.1
2023-05-01,96.1
2023-05-02,89.6
2023-05-03,89.3
2023-05-04,87.4
2023-05-05,87.4
2023-05-06,87.4
2023-05-07,87.4
2023-05-08,85.9
2023-05-09,83.2
2023-05-10,82.1
2023-05-11,82.1
2023-05-12,81.7
2023-05-13,81.7
2023-05-14,81.7
2023-05-15,76.1
2023-05-16,73.9
2023-05-17,70.6
2023-05-18,68.5
2023-05-19,67.0
2023-05-20,67.0
2023-05-21,67.0
2023-05-22,67.0
2023-05-23,63.8
2023-05-24,61.6
2023-05-25,61.6
2023-05-26,61.3
2023-05-27,61.3
2023-05-28,63.1
2023-05-29,64.9
2023-05-30,66.3
2023-05-31,66.7
2023-06-01,66.0
2023-06-02,65.2
2023-06-03,65.2
2023-06-04,65.2
2023-06-05,62.0
2023-06-06,62.0
2023-06-07,57.3
2023-06-08,54.6
2023-06-09,54.6
2023-06-10,54.6
2023-06-11,54.6
2023-06-12,54.3
2023-06-13,53.6
2023-06-14,49.6
2023-06-15,47.3
2023-06-16,47.3
2023-06-17,47.3
2023-06-18,47.3
2023-06-19,46.3
2023-06-20,43.6
2023-06-21,46.0
2023-06-22,47.6
2023-06-23,47.6
2023-06-24,47.6
2023-06-25,47.6
2023-06-26,49.0
2023-06-27,51.0
2023-06-28,52.0
2023-06-29,54.3
2023-06-30,61.6
2023-07-01,61.6
2023-07-02,62.7
2023-07-03,63.1
2023-07-04,63.1
2023-07-05,82.9
2023-07-06,81.7
2023-07-07,80.6
2023-07-08,80.6
2023-07-09,80.6
2023-07-10,75.0
2023-07-11,76.1
2023-07-12,78.0
2023-07-13,79.5
2023-07-14,82.5
2023-07-15,82.5
2023-07-16,82.5
2023-07-17,92.7
2023-07-18,100.0
2023-07-19,96.1
2023-07-20,91.9
2023-07-21,90.4
2023-07-22,90.4
2023-07-23,90.4
2023-07-24,96.9
2023-07-25,94.9
2023-07-26,92.3
2023-07-27,98.8
2023-07-28,97.3
2023-07-29,94.9
2023-07-30,94.9
2023-07-31,93.8
2023-08-01,92.3
2023-08-02,90.4
2023-08-03,89.3
2023-08-04,87.0
2023-08-05,87.0
2023-08-06,87.0
2023-08-07,83.2
2023-08-08,83.2
2023-08-09,83.2
2023-08-10,100.0
2023-08-11,100.0
2023-08-12,100.0
2023-08-13,100.0
2023-08-14,96.5
2023-08-15,96.5
2023-08-16,96.9
2023-08-17,96.5
2023-08-18,96.1
2023-08-19,96.1
2023-08-20,96.1
2023-08-21,92.3
2023-08-22,90.8
2023-08-23,89.3
2023-08-24,91.1
2023-08-25,98.1
2023-08-26,98.1
2023-08-27,98.1
2023-08-28,96.5
2023-08-29,96.5
2023-08-30,96.9
2023-08-31,94.9
2023-09-01,93.0
2023-09-02,93.0
2023-09-03,93.0
2023-09-04,90.4
2023-09-05,90.8
2023-09-06,91.1
2023-09-07,89.6
2023-09-08,88.5
2023-09-09,88.5
2023-09-10,88.5
2023-09-11,86.3
2023-09-12,86.6
2023-09-13,86.6
2023-09-14,91.5
2023-09-15,92.7
2023-09-16,92.7
2023-09-17,92.7
2023-09-18,96.1
2023-09-19,96.5
2023-09-20,93.8
2023-09-21,100.0
2023-09-22,96.5
2023-09-23,96.5
2023-09-24,96.5
2023-09-25,87.4
2023-09-26,93.4
2023-09-27,96.1
2023-09-28,96.1
2023-09-29,96.1
2023-09-30,96.1
2023-10-01,96.1
2023-10-02,96.1
2023-10-03,96.1
2023-10-04,91.9
2023-10-05,91.5
2023-10-06,91.1
2023-10-07,91.1
2023-10-08,91.1
2023-10-09,91.1
2023-10-10,88.9
2023-10-11,88.5
2023-10-12,88.9
2023-10-13,89.3
2023-10-14,89.3
2023-10-15,89.3
2023-10-16,90.4
2023-10-17,90.8
2023-10-18,91.1
2023-10-19,91.1
2023-10-20,93.0
2023-10-21,93.0
2023-10-22,93.0
2023-10-23,93.8
2023-10-24,94.2
2023-10-25,94.5
2023-10-26,94.5
2023-10-27,94.5
2023-10-28,94.5
2023-10-29,94.5
2023-10-30,94.9
2023-10-31,94.9
2023-11-01,94.9
2023-11-02,95.3
2023-11-03,95.3
2023-11-04,95.3
2023-11-05,95.3
2023-11-06,99.2
2023-11-07,99.6
2023-11-08,99.2
2023-11-09,98.8
2023-11-10,99.2
2023-11-11,99.2
2023-11-12,99.2
2023-11-13,99.2
2023-11-14,98.8
2023-11-15,99.2
2023-11-16,98.8
2023-11-17,100.0
2023-11-18,100.0
2023-11-19,100.0
2023-11-20,99.6
2023-11-21,99.6
2023-11-22,99.6
2023-11-23,99.6
2023-11-24,99.6
2023-11-25,99.6
2023-11-26,99.6
2023-11-27,99.6
2023-11-28,99.6
2023-11-29,99.6
2023-11-30,99.6
2023-12-01,99.6
2023-12-02,99.6
2023-12-03,99.6
2023-12-04,99.6
2023-12-05,99.6
2023-12-06,99.6
2023-12-07,100.0
2023-12-08,100.0
2023-12-09,100.0
2023-12-10,100.0
2023-12-11,99.6
2023-12-12,100.0
2023-12-13,100.0
2023-12-14,100.0
2023-12-15,100.0
2023-12-16,100.0
2023-12-17,100.0
2023-12-18,100.0
2023-12-19,100.0
2023-12-20,100.0
2023-12-21,100.0
2023-12-22,100.0
2023-12-23,100.0
2023-12-24,100.0
2023-12-25,100.0
2023-12-26,100.0
2023-12-27,100.0
2023-12-28,100.0
2023-12-29,100.0
2023-12-30,100.0
2023-12-31,100.0
2024-01-01,100.0
2024-01-02,100.0
2024-01-03,100.0
2024-01-04,100.0
2024-01-05,100.0
2024-01-06,100.0
2024-01-07,100.0
2024-01-08,100.0
2024-01-09,100.0
2024-01-10,100.0
2024-01-11,100.0
2024-01-12,100.0
2024-01-13,100.0
2024-01-14,100.0
2024-01-15,100.0
2024-01-16,100.0
2024-01-17,100.0
2024-01-18,100.0
2024-01-19,100.0
2024-01-20,100.0
2024-01-21,100.0
2024-01-22,100.0
2024-01-23,100.0
2024-01-24,100.0
2024-01-25,100.0
2024-01-26,100.0
2024-01-27,100.0
2024-01-28,100.0
2024-01-29,100.0
2024-01-30,100.0
2024-01-31,100.0
2024-02-01,100.0
2024-02-02,100.0
2024-02-03,100.0
2024-02-04,100.0
2024-02-05,100.0
2024-02-06,100.0
2024-02-07,100.0
2024-02-08,100.0
2024-02-09,100.0
2024-02-10,100.0
2024-02-11,100.0
2024-02-12,100.0
2024-02-13,100.0
2024-02-14,100.0
2024-02-15,100.0
2024-02-16,100.0
2024-02-17,100.0
2024-02-18,100.0
2024-02-19,100.0
2024-02-20,100.0
2024-02-21,100.0
2024-02-22,100.0
2024-02-23,100.0
2024-02-24,100.0
2024-02-25,100.0
2024-02-26,100.0
2024-02-27,100.0
2024-02-28,100.0
2024-02-29,100.0
2024-03-01,100.0
2024-03-02,100.0
2024-03-03,100.0
2024-03-04,100.0
2024-03-05,100.0
2024-03-06,100.0
2024-03-07,100.0
2024-03-08,100.0
2024-03-09,100.0
2024-03-10,100.0
2024-03-11,100.0
2024-03-12,100.0
2024-03-13,100.0
2024-03-14,100.0
2024-03-15,100.0
2024-03-16,100.0
2024-03-17,100.0
2024-03-18,99.6
2024-03-19,99.6
2024-03-20,99.6
2024-03-21,99.6
2024-03-22,99.2
2024-03-23,99.2
2024-03-24,99.2
2024-03-25,99.2
2024-03-26,100.0
2024-03-27,100.0
2024-03-28,100.0
2024-03-29,100.0
2024-03-30,100.0
2024-03-31,100.0
2024-04-01,100.0
2024-04-02,99.6
2024-04-03,100.0
2024-04-04,100.0
2024-04-05,99.6
2024-04-06,99.6
2024-04-07,99.6
2024-04-08,99.2
2024-04-09,99.2
2024-04-10,99.2
2024-04-11,99.2
2024-04-12,99.2
2024-04-13,99.2
2024-04-14,99.2
2024-04-15,98.8
2024-04-16,100.0
2024-04-17,99.6
2024-04-18,99.2
2024-04-19,98.8
2024-04-20,98.8
2024-04-21,98.8
2024-04-22,99.2
2024-04-23,98.8
2024-04-24,98.4
2024-04-25,98.8
2024-04-26,98.8
2024-04-27,98.8
2024-04-28,98.8
2024-04-29,98.1
2024-04-30,98.1
2024-05-01,98.1
2024-05-02,91.5
2024-05-03,88.1
2024-05-04,88.1
2024-05-05,88.1
2024-05-06,88.1
2024-05-07,87.0
2024-05-08,89.6
2024-05-09,90.4
2024-05-10,89.6
2024-05-11,89.6
2024-05-12,89.6
2024-05-13,88.9
2024-05-14,87.8
2024-05-15,87.8
2024-05-16,86.3
2024-05-17,86.6
2024-05-18,86.6
2024-05-19,86.6
2024-05-20,83.2
2024-05-21,78.7
2024-05-22,78.3
2024-05-23,78.7
2024-05-24,78.0
2024-05-25,78.0
2024-05-26,78.0
2024-05-27,76.8
2024-05-28,76.8
2024-05-29,74.6
2024-05-30,73.2
2024-05-31,72.4
2024-06-01,72.4
2024-06-02,72.4
2024-06-03,66.0
2024-06-04,63.1
2024-06-05,60.2
2024-06-06,60.2
2024-06-07,53.6
2024-06-08,53.6
2024-06-09,53.6
2024-06-10,47.0
2024-06-11,47.0
2024-06-12,44.6
2024-06-13,42.3
2024-06-14,40.1
2024-06-15,40.1
2024-06-16,40.1
2024-06-17,39.5
2024-06-18,39.2
2024-06-19,37.8
2024-06-20,37.8
2024-06-21,37.8
2024-06-22,37.8
2024-06-23,37.8
2024-06-24,42.3
2024-06-25,43.3
2024-06-26,43.6
2024-06-27,43.6
2024-06-28,43.6
2024-06-29,43.6
2024-06-30,49.3
2024-07-01,50.3
2024-07-02,51.0
2024-07-03,60.9
2024-07-04,62.0
2024-07-05,62.4
2024-07-06,62.4
2024-07-07,62.4
2024-07-08,90.4
2024-07-09,100.0
2024-07-10,99.6
2024-07-11,94.2
2024-07-12,91.5
2024-07-13,91.5
2024-07-14,91.5
2024-07-15,82.5
2024-07-16,81.0
2024-07-17,97.3
2024-07-18,100.0
2024-07-19,95.7
2024-07-20,95.7
2024-07-21,95.7
2024-07-22,87.0
2024-07-23,83.6
2024-07-24,86.3
2024-07-25,85.9
2024-07-26,79.8
2024-07-27,79.8
2024-07-28,79.8
2024-07-29,75.7
2024-07-30,75.0
2024-07-31,73.2
2024-08-01,71.7
2024-08-02,72.1
2024-08-03,72.1
2024-08-04,72.1
2024-08-05,74.2
2024-08-06,77.2
2024-08-07,78.0
2024-08-08,76.8
2024-08-09,74.2
2024-08-10,74.2
2024-08-11,74.2
2024-08-12,70.3
2024-08-13,68.5
2024-08-14,66.0
2024-08-15,63.1
2024-08-16,61.3
2024-08-17,61.3
2024-08-18,61.3
2024-08-19,52.3
2024-08-20,50.6
2024-08-21,51.0
2024-08-22,53.6
2024-08-23,52.3
2024-08-24,52.3
2024-08-25,52.3
2024-08-26,53.3
2024-08-27,51.0
2024-08-28,48.6
2024-08-29,45.6
2024-08-30,42.6
2024-08-31,42.6
2024-09-01,42.6
2024-09-02,39.5
2024-09-03,38.1
2024-09-04,36.4
2024-09-05,35.8
2024-09-06,36.1
2024-09-07,36.1
2024-09-08,36.1
2024-09-09,36.9
2024-09-10,36.9
2024-09-11,37.2
2024-09-12,55.3
2024-09-13,59.1
2024-09-14,59.1
2024-09-15,59.1
2024-09-16,59.1
2024-09-17,59.1
2024-09-18,59.1
2024-09-19,64.5
2024-09-20,64.9
2024-09-21,100.0
2024-09-22,100.0
2024-09-23,94.9
2024-09-24,96.9
2024-09-25,97.7
2024-09-26,98.1
2024-09-27,94.5
2024-09-28,94.5
2024-09-29,94.5
2024-09-30,92.3
2024-10-01,92.3
2024-10-02,92.3
2024-10-03,92.3
2024-10-04,92.3
2024-10-05,92.3
2024-10-06,92.3
2024-10-07,92.3
2024-10-08,92.3
2024-10-09,92.3
2024-10-10,90.4
2024-10-11,90.0
2024-10-12,90.0
2024-10-13,90.0
2024-10-14,90.0
2024-10-15,91.5
2024-10-16,91.9
2024-10-17,92.3
2024-10-18,95.3
2024-10-19,95.3
2024-10-20,95.3
2024-10-21,91.1
2024-10-22,91.9
2024-10-23,94.2
